0
0
0
1.29480123519897
0
0
0
0
0
0
0
0
0
0
0
0
0.933604001998901
0
0
0
0
0
0
0
0.851320862770081
0
0
0
0
1.28384065628052
0
0
0
0
0
0
0
0
0
0
0
0
0
0
0
0
0
0
0
0
0
0
0
0
0
0
0
0
0
0
0
0
0
0
0
0
0
0
0
0
0
0
0
0
0
0
0
0
0
0.929833233356476
0
0
0
0
0
0
1.16558504104614
0
0
0
0
0
0
0
0
0
0
0
0
0
0
0
0
0
0
0
0
0
0
0
0
0
0
0.905553042888641
0
0
0
0
0
0
0
0
0.98179692029953
0
0
0
0
0
0.853430926799774
0
0
0
0
0
0
0
0
0
0
0
0
0
0
1.01619398593903
0
0
0
0.831707954406738
0
0
0
1.35580742359161
0
0
0
0
0
0
0
0
0
1.18193662166595
0
1.31669509410858
0
0
0
0
0
0
0
0
0
0
0
0
0
0
0
0
0
0
0
0
0
0
0
0
0
0.967326402664185
0
0
0
0
0
0
0
0
0
0
0
0
0
0
0
0
0
0
0
0
0
0
0
0
0
0
0
0
0
0
0
0
0
0
0
0
0
0
0
0
0
0
0
0
0
0
0
0
0
0
0
0
0
0
0
0
0
0
0
0
0
0
0
0
0
0
0
0
0
0
0
0
1.12161028385162
0
0
0
0
0
0
0
0
0
0
0
0.842886686325073
0
0
0
0
0
0
0
0
0
0
0
0
0
0
0
0
0
0
0
0
0
0
0
0
0
0
0
0
0
0
0
0
0
0
0
0
0
1.07141745090485
0
0
0
0
0
0
0
0
0
0
0
0
0
0
0
0
0
0
0
0
0
0
0
0
1.08727514743805
0
0
0
0
0
0
0
0
0
0
0
0
0
0
0.876265704631805
0
0
0
0
0
0
0
