0.941444754600525
0
0
0
0
0
0
0
0
0
0
0
0
0
0
0
0
0
0
0.890796005725861
0
0
0
0
0
0
0
0
0
0
0
0
0
0
0
0
0
0
1.05583393573761
0
0
0
0
0
0
0
0
0
0
0
0
0
0
0
0
0
0
0
0
0
0
0
0
0
0
0
0
0
0
0
0
0
0
0
0.936044573783875
0
0
0
0
0.950856864452362
0
0
0
0
0
0
0
0
0
0
0
0
0
0
0
0
0
0
0
0
0
0
0
0
0
0
0
0
0
0
0
0
0
0
0
0
0
0
0
0
0
1.7419261932373
0
0
0
0
0
0.942752957344055
0
0
0
0
0
2.09008312225342
0
0
0
0
0
0
0
0
0
0
0
0
0
0
0
0
0
0
0
0
0
0
0.931340932846069
0
0
1.35667240619659
0
0
0
0
0
0
0
0
1.65989470481873
0
0
0
0
0
0
0
0
0
0
0
0
0
0
0
0
0
0
0
0
0
1.07664883136749
0
0
0
0
0
0
0
0
0
0
0
0.925198554992676
0
0
0
0
0
0
0
0
0
0
0
0
0
0
0
0
0
0
0
0
0
0
0
0
0
1.14057648181915
0
0
0
0
0
0
0
0
0
0
0
0
0
0
0
0
0
0
0
0
0
0
0
0
0
0
0.988668739795685
0
0
0
0
0
0
0
0
0
0
0
0
0
0
0
0
0
0
0
1.32997810840607
0
0
0
0
0
0
0
0
0
0
0
0
0
0
0
0
1.2256908416748
0
0
0
0
0
0
0
0
0
0
0
0
0
0
0
0
1.13259935379028
0
0
0
0
0
0
0
0
0
0
0
0
0
0
0
0
0
0
0
0
0
0
0
0
0
0
0
0
0
0
0
0
0
0
0
0
0
0
0
0
2.68819952011108
0
0
0
1.37424445152283
0
0
0
0
0
