0
0
0
0
0
0
0
0
0
0
0
0
0
0
0
0
0
0
0
0
0
0
0.905840158462524
0
0
0
0
0
0
0
0
0
0
0.712363541126251
0
0
0
0
0
0
0
0
0
0.793215215206146
0
0
0
0
0
0
0
0
0
0
0
0
0
0
0
0
0
0
0
0
0
0
0
0
0
0
0
0
0
0
0
0
0
0
0
0
0
0
0
0
0
0
0
0
0
0
0
0
0
0.904847741127014
0
0
0
0
0.742765247821808
0
0
0
0
0
0
0
0
0
0
0
0
0
0
0
0
0
0
0
0
0
0
0
0
0
0
0
0
0
0
0.744346737861633
0
0
0
0
0
0
0
0
0
0
0
0
0.769337475299835
0
0
0
0
0
0
0
0.812888443470001
0
0
0
0
0
0
0
0
0
0
0
0
0
0
0
0
0
0
0
0
0
0
0
0
0
0
0
0
0
0
0
0
0
0
0
0
0
0
0
0
0
0.751773416996002
0
0
0
0
0
0
0
0
0
0
0
0
0
0
0
1
0.70924437046051
0
0
0
0
0
0
0
0
0.9057896733284
0
0
0
0
0
0
0
0
0
0
0
0
0
0
0
0
0
0
0
0
0
0
0
0
0
0
0
0
0
0
0
0
0
0
0
0.938929855823517
0
0
0
0
0
0
0
0
0
0
0
0
0
0
0
0
0
0
0
0
0
0
0
0
0
0
0
0
0
0
0
0
0
0
0
0
0
0
0
0
0
0
0
0
0.88938295841217
0
0
0
0.835442304611206
0
0
0
0
0
0
0
0
0
0
0.859653174877167
0
0
0
0.808867752552032
0
0
0
0
0
0
0
0
0
0
0
0
0
0
0
0.770023286342621
0
0
0
0
0
0
0
0
0
0
0
0
0
0
0
0
0
0
0
0
0.847757458686829
0
0
0.736493051052094
0
