0.852129936218262
0
0
0.746597111225128
0.832935512065887
0.846659064292908
0.71295440196991
0
0
0
0
0
0
0
0
0
0
0
0
0.632636666297913
0
0
0
0
0
0
0
0
0
0
0
0
0
0
0
0
0
0
0
0
0
0
0
0
0
0
0
0
0
0
0
0
0
0
0
0
0
0
0
0
0
0
0
0
0
0
0
0
0
0
0
0
0
0
0
0
0
0
0
0
0
0
0
0
0
0
0
0
0
0
0
0
0
0
0
0
0
0
0
0
0
0
0
0
0
0
0
0
0
0
0
0
0
0
0
0
0
0
0
0
0
0
0
0
0
0
0
0
0
0
0
0
0
0
0
0
0
0
0
0
0
0
0
0
0
0
0
0
0
0
0
0
0
0
0
0
0
0.600682139396667
0
0
0
0
0
0
0
0
0
0
0
0
0
0
0
0
0
0
0
0
0
0
0.929648876190186
0
0
0.791742146015167
0.935671985149384
0.963594436645508
0.771421432495117
0
0
0
0
0
0
0
0
0
0
0
0
0.718004882335663
0.655194163322449
0.683047413825989
0
0
0
0
0
0
0
0
0
0
0
0
0
0
0
0
0
0
0
0
0
0
0
0
0
0
0
0.657504558563232
0
0
0
0
0
0
0
0
0
0
0
0
0
0
0
0
0
0
0
0
0
0
0
0
0
0
0
0
0
0
0
0
0
0
0
0
0
0
0
0
0
0
0
0
0
0
0
0
0
0
0
0
0
0
0
0
0
0
0
0
0
0
0
0
0
0
0.663570642471313
0
0
0
0
0
0
0
0
0
0
0
0
0
0
0
0
0
0
0
0
0.736138641834259
0
0
0
0
0
0
0
0
0
0
0
0
0
0
0
0
0
0
0
0.704127609729767
0
0
0
0
0.677601933479309
0
0
0
0
0
0
0
0
0
0
0
0
0
0
0
0
0
