0
0
0
0
0.623015880584717
0
0
0
0
0
0
0
0
0
0
0
0
0
0
0
0
0
1
0
0
0
0
0
0
0
0
0.661942601203918
0
0
0
0
0
0
0
0
0
0
0
0
0
0
0
0
0
0
0
0
0
0
0
0
0
0
0
0
0
0
0
0
0
0
0
0
0
0
0
0
0
0
0
0.638288795948029
0
0
0
0
0
0
0
0
0
0
0
0
0
0
0
0
0
0
0
0
0
0
0
0
0
0
0
0
0
0
0
0.682077944278717
0
0
0
0
0
0
0
0
0
0
0
0
0
0
0
0
0
0
0
0
0.802793502807617
0.6906498670578
0
0
0
0
0
0
0
0
0
0
0
0
0
0
0
0
0
0
0
0
0.77040559053421
0
0
0.664058446884155
0
0
0
0
0
0
0
0
0
0
0
0
0.875597596168518
0
0
0
0
0
0
0
0
0
0
0
0
0
0
0
0
0
0
0.658179700374603
0
0
0
0
0
0
0
0
0
0
0
0
0
0
0
0
0
0
0.686130523681641
0
0
0
0
0
0
0
0
0
0
0
0
0
0.707494795322418
0
0
0
0
0
0
0
0
0
0
0
0
0
0
0
0
0
0
0
0
0
0
0
0
0
0
0
0
0
0
0
0
0
0
0
0.734457075595856
0
0
0
0
0
0
0
0
0
0
0
0
0
0
0
0
0
0
0
0
0
0
0
0
0
0
0
0
0
0
0
0
0
0
0
0
0
0
0
0
0
0
0
0
0
0
0
0
0
0
0
0
0
0
0.761787474155426
0
0
0
0
0.77182412147522
0
0
0
0
0
0
0
0
0
0
0
0
0
0
0
0
0
0.668824315071106
0
0.709264993667603
0
0
0
0
0
0.890666007995605
0
0
0
0
0
0
0
0
0
0
0.631680071353912
0
0
0
0
0
0
0
0
