0
0
0
0
0
0
0
0.906443417072296
0
0.729438602924347
0
0
0
0
0.81246155500412
0
0
0
0
0
0
0
0
0
0
0
0
0
0
0
0
0
0
0
0
0
0
0
0
0
0
0
0.876191735267639
0
0
0
0
0
0
0
0
0
0.751973569393158
0
0
0
0
0
0
0
0
0
0
0
0
0
0
0
0
0
0
0
0
0
0
0
0
0
0
0.832533419132233
0
0.738996922969818
0
0
0
0
0
0
0
0
0
0
0
0
0
0
0
0
0
0
0
0
0
0
0
0
0
0
0
0
0
0
0
0
0
0
0
0
0
0
0
0
0
0
0
0
0
0.790004432201385
0
0
0
0
0
0
0
0
0
0
0
0.805570006370544
0
0
0
0
0
0
0
0
0
0
0
0
0
0
0
0
0
0
0
0
0
0
0
0
0
0
0
0
0
0
0
0
0
0
0
0
0
0
0
0
0
0
0
0
0
0.717369794845581
0
0
0
0.721963822841644
0
0
0
0.74245285987854
0
0
0
0
0
0
0
0
0
0
0
0
0
0
0
0
0
0
0
0
0
0
0
0
0
0
0
0
0
0
1
0
0
0
0
0
0
0
0
0.909378111362457
0
0
0
0
0
0
0
0
0
0
0
0
0
0
0
0
0
0.747787117958069
0
0
0
0
0
0
0
0
0
0
0
0.861202299594879
0
0
0
0
0
0
0
0
0
0
0
0
0
0
0
0
0
0
0
0
0
0
0
0.782336950302124
0
0
0
0
0
0
0
0
0
0
0
0
0
0
0
0
0
0
0
0
0
0
0
0
0
0
0
0
0
0
0.784002006053925
0.966864049434662
0
0
0
0
0
0
0
0
0
0
0.750779986381531
0
0
0
0
0
0
0
0
0
0
0
0
0
0
0
0
0
0
0
0
0
0
0
0
0
0
0
0
0
