0
0
0
0
0
0
0
0
0
0
0
0
0
0
0
0
0
0
0
0
0
0
1
0
0
0
0
0
0
0
0
0
0
0
0
0
0
0
0
0
0
0
0
0
0
0
0
0
0
0
0
0
0
0
0
0
0
0
0
0
0
0
0
0
0
0
0
0
0
0
0
0
0
0
0
0.688083529472351
0
0
0
0
0
0
0
0
0
0
0
0
0
0
0
0
0
0
0
0
0
0
0
0
0
0
0
0
0
0
0
0
0
0
0
0
0
0
0
0
0
0
0
0
0
0
0
0
0
0
0
0
0.697942018508911
0.678503096103668
0
0
0
0
0
0
0
0
0
0
0
0
0
0
0
0
0.796467959880829
0
0
0
0.845166742801666
0
0
0.626378178596497
0
0
0
0
0
0
0
0
0
0
0
0
0.816187262535095
0
0
0
0
0
0
0
0
0
0
0
0
0
0
0
0
0
0
0.705235004425049
0
0
0
0
0
0
0
0
0
0
0
0
0
0
0
0
0
0
0.783901572227478
0
0
0
0
0
0
0
0
0
0
0
0
0
0.83462393283844
0
0
0
0
0
0
0
0
0
0
0
0
0
0
0
0
0
0
0
0
0
0
0
0
0
0
0
0
0
0
0
0
0
0
0
0.943104386329651
0
0
0
0
0
0
0
0
0
0
0
0
0
0
0
0
0
0
0
0
0
0
0
0
0
0
0
0
0
0
0
0
0
0
0
0
0
0
0
0
0
0
0
0
0.628431141376495
0
0
0
0.655626118183136
0
0
0
0
0
0.647016704082489
0
0
0
0
0.788789808750153
0
0
0
0.678917229175568
0
0
0
0
0
0
0
0
0
0
0
0
0
0
0
0.727724373340607
0
0
0
0
0
0.73091059923172
0
0
0
0
0
0
0
0
0
0
0
0
0
0
0
0
0
0.678209125995636
0
