0
0
0
0
0
0
0
0
0
0
0
0
0
0
0.396161079406738
0
0
0.720221877098083
0
0
0
0.583244025707245
0
0
0
0
0
0
0.53297621011734
0.529753863811493
0
0
0
0
0
0
0
0
0
0
0
0
0
0
0
0
0
0
0
0
0
0
0
0
0
0
0
0
0
0
0
0
0
0
0
0
0
0
0
0
0
0
0
0
0
0
0
0
0
0
0
0
0.411984354257584
0
0
0
0
0
0
0
0
0
0
0
0.416275799274445
0
0
0
0
0
0
0
0
0
0
0
0
0
0
0
0
0
0
0
0
0
0.4127536714077
0
0
0
0
0
0
0
0
0
0
0
0
0
0
0
0
0
0
0
0
0
0
0
0
0
0
0.55658495426178
0.555911660194397
0
0
0
0.446446031332016
0
0.458652347326279
0
0
0
0
0
0
0
0
0
0
0
0
0
0
0
0
0
0
0
0
0
0
0
0
0
0
0
0
0
0
0
0
0
0
0
0
0
0
0
0
0
0
0
0
0
0
0.5797358751297
0
0
0
0
0
0
0
0
0
0
0.487131118774414
0.403056919574738
0
0
0
0
0
0
0
0
0
0
0
0
0
0
0
0
0
0
0
0
0
0
0
0
0
0
0
0
0
0
0
0
0
0
0
0
0
0
0
0
0
0
0
0
0
0
0
0
0
0
0
0
0.429991781711578
0
0
0
0
0
0
0
0
0
0
0
0.391978085041046
0
0
0
0
0
0
0
0
0
0
0
0
0
0
0
0
0
0
0
0
0
0
0
0
0
0
0
0
0
0
0
0
0
0
0
0
0
0
0
0
0
0
0
0
0
0
0
0
0.496493518352509
0.470030546188354
0
0
0
0.402596473693848
0
0
0
0
0
0
0
0
0
0
0
0
0
0
0
0
0
0
0
0
0
0
0
0
0
0
0
0
0
0
0
