0
0
0
0
0
0
0
0
0
0
0
0
0.0369205437600613
0
0
0
0
0
0
0
0
0
0
0
0
0
0.229517728090286
0
0
0
0.0676643922924995
0.0563941635191441
0
0
0
0
0
0.029944034293294
0
0
0
0
0
0
0
0
0
0
0
0
0
0
0
0
0
0
0
0
0
0
0
0
0
0
0
0
0
0
0
0
0
0
0
0
0
0
0.113411888480187
0
0
0
0
0
0
0
0
0
0
0.0283157825469971
0
0
0
0
0
0
0.119011618196964
0
0
0
0
0.146284535527229
0.0351373441517353
0
0.0551370307803154
0
0
0
0
0
0
0
0
0
0
0
0.0737595111131668
0
0
0
0
0
0
0
0
0
0
0
0
0
0
0
0
0
0
0
0
0
0
0
0
0
0
0
0
0
0
0
0.0619224980473518
0
0
0
0
0
0
0
0
0
0
0
0.165351808071137
0
0
0
0
0
0
0
0
0
0
0
0
0
0
0
0
0
0
0
0
0
0
0
0
0
0
0
0
0
0
0
0
0
0
0
0
0
0
0
0
0
0
0
0
0
0
0
0
0
0
0
0
0
0
0
0.0361553281545639
0
0
0
0
0
0
0
0
0
0
0
0
0
0
0
0
0
0
0
0
0
0
0
0
0
0.0944926738739014
0
0
0
0
0
0.121714927256107
0
0
0
0.119633138179779
0
0
0
0
0
0
0
0
0
0
0
0
0
0
0
0
0
0.0515463016927242
0
0
0
0
0
0
0
0
0
0
0
0
0
0
0
0
0
0
0
0
0
0
0
0
0
0
0
0
0
0
0
0
0
0
0
0
0
0
0
0
0
0
0
0
0
0
0
0
0
0.0271471962332726
0
0
0
0
0
0
0
0
0
0
0
0
0
0
0
0
0
0
0
0
0
0
0
0
0
0
0
0
0
0
0
0
0
0
0
0
0
0
0
0
0
