0
0
0
0
0
0.724103271961212
0
0
0
0
0
0
0
0
0
0
0
0
0
0.717590928077698
0.707594275474548
0.735611736774445
0
0
0
0
0
0
0
0
0
0
0
0
0
0
0
0
0
0
0
0
0.680049300193787
0
0
0
0
0
0
0
0
0
0
0
0
0
0
0
0
0
0
0
0
0
0
0
0
0
0
0
0
0
0
0
0
0
0
0
0
0
0
0
0
0
0
0
0
0
0
0
0
0
0
0
0
0
0
0
0
0
0
0
0
0
0
0
0
0
0
0
0
0
0
0
0
0
0
0
0
0
0
0
0
0
0
0
0
0
0
0
0
0
0
0
0
0
0
0.813871026039124
0
0
0
0
0
0
0
0
0
0
0
0
0
0
0
0
0
0
0
0
0
0
0
0
0
0
0
0
0
0
0
0
0
0
0
0
0
0
0
0
0
0
0
0
0
0
0
0.793732047080994
0.681823432445526
0
0
0.735192477703094
0
0
0
0
0
0
0
0.686127662658691
0
0.752934634685516
0.759281575679779
0.790976762771606
0
0
0
0
0
0
0
0
0
0
0
0
0
0
0
0
0
0
0
0
0
0.702297925949097
0
0
0
0
0
0
0
0
0
0
0
0
0
0
0
0
0
0
0
0
0
0
0
0
0
0
0
0
0.717906653881073
0
0
0
0
0
0
0
0
0
0
0
0
0
0
0
0
0
0
0
0
0
0
0.76426899433136
0
0
0
0
0
0
0
0
0
0
0
0
0
0
0
0
0
0
0
0.737784504890442
0.84683358669281
0
0
0
0
0
0
0
0
0
0
0
0
0
0
0
0
0
0
0
0
0.806695342063904
0
0
0
0
0
0
0
0
0
0
0
0
0
0
0
0
0
0
0
0.696865558624268
0
0
0
0
0
0
0
0
0
0
0
0
0
0
0
0
0
0
0
0
0
0
