0
0
0
0
0
0
0
0
0
0
0
0
0
1.22254002094269
0
0
0
0
0
0
0
0.744516730308533
0
0
0
0
0
0
0
0
0
0
0
0
0
0
0
0
0
0
0
0.961972773075104
0
0
0.732788741588593
0
0
0
0.734616935253143
0
0
0
0
0
0
0
0
0
0
0
0
0
0
0
0
0
0
0
0
0
0
0
0
0
0
0
0
0
0
0
0
0
0
0
0
0
0
0
0
0
0
0
0
0
0
0
0
0
0
0
0
0
0
0
0
0
0
0
0
0
0
0
0
0
0
0
0
0
0
0
0
0
0
0
0
0
0
0
0
0
0
0
1.8222222328186
0
0
0
0
1.16135954856873
0
0
0
0
0
0
0
0
0
0
0
0
0
0
0
0
0
0
0
0
0
0
0
0
0
0
0
0
0
0
0
0
0
0
0
0
0
0
0.780116260051727
0
0
0
1.24313843250275
0
0
0
0
0
0
0
0
0
0
0
0
0
0
0
0.824620962142944
0
0
0
0
0
0
0
0
0
0
0
0
0
0
0
0
0
0.732798039913177
0.859065294265747
0
0
0
0
0
0.870693027973175
0
0
0
0
0
0
0
0
0
0
0
0
0
0
0
0
0
0.884858548641205
0
0
0
0
0
0
0
0
0
0
0
0
0
0
0
0
0
0
0
0
0
0
0
0
0
0
0
0
0.835717856884003
0
0
0
0
0.795144140720367
1.06827795505524
0
0
0
0
0
0
0
0
0
0
0
0
0
0
0
0
0
0
0
0
0
0
1.0769225358963
0
0
0
0
0
0
0
0
0
0
0
0
0
0
0
0
0
0
0
0
0
0
0
0
0
0
0
0
0
0
0.927110373973846
0
0
0
0
0
2.0800473690033
0
0
0
0
0
0
0
0
0
0
0
0
0
0
0
0
0
0
0
0
0
0
0
0
0
