0
0
0.0475227385759354
0
0
0
0
0
0
0
0
0
0
0
0
0
0
0
0
0
0
0
0
0
0.0548452027142048
0
0
0
0
0
0.19392666220665
0
0
0
0
0
0
0.0769902393221855
0
0
0
0
0
0
0
0
0
0
0
0
0
0
0
0
0
0
0
0
0
0
0
0
0
0
0
0
0.195455998182297
0
0
0
0
0
0
0
0
0
0.0606777369976044
0
0
0
0
0
0
0
0
0
0
0
0
0
0
0
0
0
0.0673160180449486
0.137929156422615
0
0
0
0
0
0
0
0
0
0
0
0
0
0
0
0
0
0
0
0
0
0
0
0
0
0
0
0
0
0
0
0
0
0
0
0
0
0
0
0
0
0
0
0
0
0
0
0
0
0
0.117216557264328
0
0
0
0
0
0.084394633769989
0
0
0
0
0
0
0
0
0
0.0901780873537064
0
0
0
0
0
0
0
0
0
0
0
0
0
0.20118559896946
0
0
0
0
0
0
0
0
0
0
0
0
0
0
0
0
0
0
0
0
0
0
0
0
0
0
0
0
0.0412160940468311
0
0
0
0
0
0
0
0
0
0
0
0
0
0
0
0
0.0662733763456345
0
0
0
0
0
0
0
0
0
0
0
0
0
0
0
0
0
0.18359786272049
0
0
0
0
0
0
0
0
0
0
0
0
0
0
0
0
0
0.185476958751678
0
0
0
0
0
0
0
0
0
0.0602896735072136
0
0
0
0
0
0
0
0
0
0
0
0.0457809641957283
0
0
0
0
0
0
0
0
0
0
0
0
0
0
0
0
0
0
0
0
0
0
0
0
0
0
0
0
0
0
0
0
0
0
0
0
0
0.033555343747139
0
0
0
0
0
0
0
0
0
0
0
0
0
0
0
0
0
0
0
0
0
0
0
0
0
0
0
0
0
0
0
0
0
0
0
0
0
0
0.0653097927570343
0
0
