0
0
0
0
0
0
0
0
0
0
0
0
0.443672180175781
0
0.293741822242737
0
0
0
0
0.236198753118515
0
0.237952247262001
0.463845878839493
0
0
0
0.300617724657059
0
0
0
0
0
0
0.556281208992004
0
0
0
0
0
0
0
0.288233697414398
0
0
0
0
0
0
0
0
0
0
0
0
0
0
0
0
0
0
0
0
0
0
0
0
0
0
0
0
0
0
0
0.336048930883408
0
0
0
0.506574690341949
0
0.254685431718826
0
0
0
0
0.291652351617813
0
0
0
0
0
0
0
0
0
0
0
0
0
0
0
0
0
0
0
0
0
0
0
0
0
0
0
0
0
0
0
0
0
0
0
0
0
0
0
0
0
0
0
0
0
0
0
0
0
0
0
0
0
0
0
0
0
0
0
0
0
0
0
0
0
0
0
0
0
0
0
0
0
0
0
0
0
0.241010636091232
0
0
0
0
0
0
0
0
0
0
0
0
0
0
0
0
0
0.239665299654007
0
0
0
0
0
0
0
0
0
0
0
0
0
0
0
0
0
0
0
0
0
0
0
0.3094222843647
0
0
0
0
0
0
0
0
0
0
0
0.284140944480896
0
0
0
0
0
0
0
0
0
0
0
0
0.317038804292679
0
0
0
0.215362757444382
0
0
0
0
0
0
0
0
0
0
0
0
0
0
0
0
0
0
0
0
0
0
0
0
0
0
0
0
0
0
0
0
0
0
0
0
0.242272019386292
0
0
0
0
0
0
0
0
0
0
0
0
0
0
0.224171489477158
0
0
0
0
0
0
0
0
0
0
0
0
0
0
0
0
0
0
0
0
0
0
0
0
0
0
0
0
0
0
0
0
0
0
0
0
0
0
0
0
0
0
0
0
0
0
0
0
0
0
0
0
0
0
0
0
0
0
0
0
0
0
0
0
0
0
0
0
0
0
0
0
0
0
