0
0
0
0
0
0
0
0
0
0
0
0
0
0
0
0
0
0
0
0
0
0
1
0
0
0
0
0
0
0
0
0
0
0
0
0
0
0
0
0
0
0
0
0
0
0
0
0
0
0
0
0
0
0
0
0
0
0
0
0
0
0
0
0
0
0
0
0
0
0.597868978977203
0
0
0
0.589451849460602
0
0.600293636322021
0
0
0
0
0
0
0
0
0
0
0.630596697330475
0
0
0
0
0
0
0
0
0
0
0
0
0
0
0
0
0
0
0
0
0
0
0
0
0
0
0
0
0
0
0
0
0
0
0
0
0
0
0
0
0
0.689190864562988
0.623705446720123
0
0
0
0
0
0
0
0
0
0
0
0
0
0
0
0
0
0
0
0
0.747608125209808
0
0
0
0
0
0
0
0
0
0
0
0
0
0
0
0.733777225017548
0
0
0
0
0
0
0
0
0
0
0
0
0
0
0
0
0
0
0.665871739387512
0
0
0
0
0
0
0
0
0
0
0
0
0
0
0
0
0
0
0.633628189563751
0
0
0
0
0
0
0
0
0
0
0
0
0
0.6887486577034
0
0
0
0
0
0
0
0
0
0
0
0
0
0
0
0
0
0
0
0
0
0
0
0
0
0
0
0
0
0
0
0
0
0
0
0.718898415565491
0
0
0
0
0
0
0
0
0
0
0
0
0
0
0
0
0
0
0
0
0
0
0
0
0
0
0
0
0
0
0
0
0
0
0
0
0
0
0
0
0
0
0
0
0
0
0
0
0
0
0
0
0
0
0.670378625392914
0
0
0
0
0
0
0
0
0.671705842018127
0
0
0
0
0
0
0
0
0
0
0
0
0
0.599204421043396
0
0.709161460399628
0
0
0
0
0
0.785850346088409
0
0
0
0
0
0
0
0
0
0
0.601464986801147
0
0
0
0
0
0
0.638987958431244
0
