0
0
0
0
0
0
0
0
0
0
0.317922919988632
0
0
0
0
0
0
0
0
0
0
0
0
0
0
0
0
0
0
0
0
0
0
0
0
0
0
0
0
0
0
0
0
0
0
0
0
0
0
0
0
0
0
0
0
0
0
0
0
0
0
0
0
0
0
0
0
0
0
0
0
0
0
0
0
0
0
0
0
0
0
0
0
0
0
0
0
0
0
0
0
0
0
0
0
0
0
0
0
0
0
0
0
0
0
0
0
0
0
0
0
0
0
0
0
0
0
0
0
0
0
0
0
0
0
0
0
0
0
0
0
0
0
0
0
0
0
0
0
0
0
0
0
0
0
0
0
0
0
0
0
0
0
0
0
0
0
0
0
0
0
0
0
0
0
0
0
0
0
0
0
0
0
0
0
0
0
0
0
0
0
0
0
0
0
0
0
0
0
0
0
0
0
0
0.362156689167023
0
0
0
0
0
0
0.369538515806198
0
0
0
0
0
0
0
0
0
0
0
0
0
0
0
0
0
0
0
0
0
0
0
0
0
0
0
0
0
0
0
0
0
0
0
0
0
0.407134830951691
0
0
0
0
0
0
0
0
0
0
0
0
0
0
0
0
0
0
0
0
0.42109540104866
0
0
0
0
0
0.352799564599991
0
0
0
0
0
0.400106489658356
0
0
0
0
0
0
0
0
0
0
0
0
0
0
0
0
0.385998398065567
0
0
0
0
0.451655447483063
0.298186808824539
0
0.382173538208008
0
0
0
0
0
0
0
0.401335179805756
0
0
0
0
0
0.606204211711884
0
0
0.403539836406708
0
0
0
0
0.386828899383545
0
0
0
0
0
0
0
0
0
0
0.39248862862587
0
0
0
0
0
0
0
0
0
0
0
0
0
0
0
0
0
0
0
0
0.506043910980225
0.338696986436844
0
0.410073965787888
0
0.505128800868988
0
0
0
