0
0
0
0
0
0
0
0
0
0
0
0
0
0
0
0
0
0
0
0
0
0
0
0
0
0
0
0
0
0
0
0
0
0
0
0
0
0
0
0
0
0
0
0
0
0
0
0
0
0
0
0
0
0
0
0
0
0
0.150218471884727
0
0
0
0
0
0
0
0
0
0
0
0
0
0
0
0
0
0.149800017476082
0
0
0
0
0
0
0
0
0
0
0
0
0
0
0
0
0
0
0
0
0
0
0
0
0
0
0
0
0
0
0
0
0
0
0
0
0
0
0
0
0
0
0
0
0
0
0
0
0
0
0
0
0
0
0
0
0
0
0
0
0
0
0
0
0
0
0
0
0
0
0
0
0
0
0
0
0
0
0
0
0
0
0
0
0
0
0
0
0
0
0
0
0
0
0
0
0
0
0
0
0
0
0
0
0.356244593858719
0.377175360918045
0
0
0
0
0
0
0
0
0
0
0
0.19932159781456
0
0.15785214304924
0
0
0.29340124130249
0
0
0
0
0.324205845594406
0.176745489239693
0
0
0
0
0
0
0
0
0
0
0
0
0
0
0
0
0
0
0
0
0
0
0
0.297991693019867
0
0
0
0
0
0.186329796910286
0.187609419226646
0
0
0.260718911886215
0
0
0
0
0
0
0
0
0.378465712070465
0
0
0
0
0
0
0
0
0
0
0
0.180306509137154
0
0
0
0
0
0
0
0
0
0.1458889991045
0
0
0
0
0
0
0
0
0
0
0
0
0
0
0
0
0
0
0
0
0
0
0
0
0
0
0
0
0
0
0
0
0
0
0
0
0
0
0
0
0
0
0
0.158243149518967
0
0
0
0
0
0
0
0
0
0
0
0
0
0
0.19334614276886
0
0
0
0
0
0
0
0
0
0.147520422935486
0
0
0
0
0
0
0
0.160732924938202
0
0
0
0
0
0
0
0
0
0
0
0
