0
0
0
0
0
0.091095469892025
0
0
0
0
0.128009989857674
0
0
0
0
0
0
0
0
0
0
0
0
0
0.193471789360046
0
0
0
0
0
0
0
0
0
0
0
0
0
0
0
0
0
0
0
0
0
0
0
0
0
0
0
0
0
0
0
0
0.130324646830559
0
0
0
0
0
0
0
0
0
0
0
0
0
0
0
0
0
0
0
0
0
0
0
0
0
0
0
0
0
0
0
0
0
0
0
0
0
0.140395253896713
0
0
0
0.123091362416744
0
0.0920152217149734
0
0
0
0
0
0
0
0
0
0
0
0
0.065483570098877
0
0
0
0
0
0
0
0
0.11517733335495
0
0
0
0
0
0
0
0
0
0
0
0
0
0
0
0
0
0
0
0
0
0
0.0568638630211353
0
0
0
0
0
0.0929102376103401
0
0
0
0
0
0
0.1066959425807
0.128776222467423
0
0
0
0
0
0
0
0
0
0
0
0
0
0
0
0
0
0
0
0
0
0
0
0
0
0
0
0
0
0
0
0
0
0
0
0
0
0
0
0
0
0
0
0
0
0.0637581944465637
0
0
0
0
0
0
0
0.108540661633015
0
0
0
0
0
0
0
0
0
0
0
0
0
0
0
0
0
0
0
0
0
0
0
0
0.0735005438327789
0
0
0
0
0
0
0
0
0
0
0.116975963115692
0
0
0
0
0
0
0
0
0
0
0
0
0
0
0
0
0
0.0689272284507751
0
0
0
0
0
0
0
0
0
0
0
0
0
0
0
0
0
0
0
0
0
0
0
0
0
0
0
0
0
0
0
0
0
0
0
0
0
0
0
0
0
0
0
0
0
0
0
0
0
0.0887708589434624
0
0
0
0
0
0
0.0977166891098022
0
0
0
0
0
0
0
0
0
0
0
0
0
0
0
0
0
0
0
0
0
0
0
0
0
0
0
0
0
0
0
0
0
0
