0
0
0
0
0
0
0
0.930070459842682
0
0
0
0
0
0
0.847055375576019
0
0
0
0
0
0
0
0
0
0
0
0
0
0
0
0
0
0
0
0
0
0
0
0
0
0
0
0.94588440656662
0
0
0
0
0
0
0
0
0
0
0
0
0
0
0
0
0
0
0
0
0
0
0
0
0
0.746074140071869
0
0
0
0
0
0
0
0
0
0
0.859823822975159
0
0.787011802196503
0
0
0
0
0
0
0
0
0
0
0
0
0
0
0
0
0.741920113563538
0
0
0
0
0
0
0
0
0
0
0
0
0
0
0
0
0
0
0
0
0
0
0
0
0
0
0
0
0.798117697238922
0
0
0
0
0
0
0
0
0
0
0
0.78997790813446
0
0
0
0
0
0
0
0
0
0
0
0
0
0
0
0
0
0
0
0
0
0
0
0
0
0
0
0
0
0
0
0
0
0
0
0
0
0
0
0
0
0
0
0
0
0.749800086021423
0
0
0
0
0
0
0
0.82705557346344
0
0
0
0
0
0
0
0
0
0
0
0
0
0
0
0
0
0
0
0
0
0
0
0
0
0
0
0
0
0
0.995257258415222
0
0
0
0
0
0
0
0
0
0
0
0
0
0
0
0
0
0
0
0
0
0
0
0
0
0
0.821463286876678
0
0
0
0
0
0
0
0
0
0
0
0.917281091213226
0
0
0
0
0
0
0
0
0
0
0
0
0
0
0
0
0
0
0
0
0
0
0
0.843182563781738
0
0
0
0
0
0
0
0
0
0
0
0
0
0
0
0
0
0
0
0
0
0.967562556266785
0
0
0
0
0
0
0
0
0.822695136070251
1
0
0
0
0
0
0
0
0
0
0
0.844450175762177
0
0
0
0
0
0
0
0
0
0
0
0
0
0
0
0
0
0
0
0
0.793883442878723
0
0
0
0
0
0
0
0
