0
0
0
0
0
0
0
0
0
0
0
0
0
0
0.879709541797638
0
0
0
0
0
0
0
0.995532751083374
0
0
0
0
0
0
0
0
0
0
0
0
0
0
0
0
0
0
0
0
0
0
0
0
0
0
0
0
0
0
0
0
0
0
0
0
0
0
0
0
0
0
0
0
0
0
0
0
0
0
0
0
0
0
0
0
0
0
0
0
0
0
0
0
0
0
0
0
0
0
0.97637003660202
0
0
0
0
0
0
0
0
0
0
0
0
0
0
0
0
0
0
0
0
0
0
0
0
0
0
0
0
0
0
0
0
0
0
0.949117660522461
0
0
0
0
0
0
0
0
0
0
0
0
0
0
0
0
0
0
0
0
0
0.902837336063385
0
0
0
0
0
0
0
0
0
0
0
0.8336461186409
0
0
0
0.997345864772797
0
0
0
0
0
0
0
0
0
0
0
0
0
0
0
0
0
0
0
0
0
0
0
0
0
0
0
0
0
0
0
0
0
0
0
0
0
0
0
0
0
0.994709193706512
0.87212997674942
0
0
0
0
0
0
0
0
0.910314917564392
0
0
0
0
0
0
0
0.890369594097137
0
0
0
0
0
0
0
0
0
0
0
0
0
0
0
0
0
0
0
0
0
0
0
0
0
0
0
0.976580798625946
0
0
0
0
0
0
0
0
0
0
0
0
0
0
0
0
0
0
0
0
0
0
0
0
0
0
0
0
0
0
0
0
0
0
0
0
0
0
0
0
0
0
0
0
0.971619725227356
0
0
0
0
0
0
0
0
0
0.953304409980774
0
0
0
0
1
0
0
0
0
0
0
0
0
0
0
0.839522540569305
0
0
0
0
0
0
0
0
0.880563676357269
0
0
0
0
0
0
0
0
0
0
0
0
0
0
0
0
0
0
0.866299569606781
0
0.865399301052094
0
0
0.829548597335815
0
