0
0
0
0
0.995680510997772
0
0
0
0
0
0
0
0
0
0
0
1.9577968120575
0
0
0
0
0
0
0
0
0
0
1.28762829303741
0
0
0
0
0
0
0
0
0
0
0
0
0
0
0
0
0
0
0
0
0
0
0
0
0
0
0
0
0
0
0
0
0
0
1.95047128200531
0
0
0
0
0
0
0
0
0
0
0
0
0
0
0
0
0
0
0
0
0
0
0
0
0
0
0
0
0.975430965423584
0
0
0
0
0
0
0.954980850219727
0
0
0
0
0
0
0
0
0
0
0
0
0
0
0
0
0
0
0
0
0
0
0
0
0
0
0
0
0
0
0
0
0
0
0
0
0
0
0
0
0
0
0
0
0
0
0
0
0
0
0
0
0
0
1.44363343715668
0
0
0
0
0
0
1.21597254276276
0
0
0
0
0
0
0
0
0
0
0
0
0
0
0
0
0
0
0
1.20344090461731
0
0
0
0
0
0
0.948111951351166
0
0
0
0
0
1.00739789009094
0
0
0
0
0
0
0
0
0
0
0
0
0
0
0
0
0
1.36651706695557
0
0
0
0
1.06546092033386
0
0
0.978764057159424
0
0
0
0
0
0
0
0
0
0
0
0
0
0
0
0
0
0
0
0
0
1.4081289768219
0
0
0
0
0
0
0
1.60461688041687
0
0
0
0
0
0
0
0
0
0
0
0
0
0
0
0
0
0
0
0
0
0
0
0
0
0
0
0
0
0
1.28844475746155
0
0
0
0
0
0
0.97086638212204
0
0
0
0
0
0
0
0
0
0
1.29546642303467
0
0
0
0
0
0
0
0
0
0
0
0
0
0
0
0
0
0
0
0
0
0
0
0
0
0
0
0
0
0
0
0
0
0
0
0
0
0
1.24703216552734
0
0
0
0
0
0
0
0
0
0
0
0
0
0
0
0
0
0
0
0
0
0
