0
0
0
0.722443163394928
0
0
0
0.910061359405518
0
0
0
0
0
0
0
0
0
0
0
0
0
0
0
0
0
0
0
0
0
0
0
0.729290902614594
0
0
0
0
0
0
0
0
0
0
0.909763872623444
0
0
0
0
0
0
0
0
0
0
0
0
0
0
0
0
0
0
0
0
0
0
0
0
0
0.742299973964691
0
0
0
0
0
0
0
0
0
0
0.794617891311646
0
0.712341248989105
0
0
0
0
0
0
0
0
0
0
0
0
0
0
0
0
0
0
0
0
0
0
0
0
0
0
0
0
0
0
0
0
0
0
0
0
0
0
0
0
0
0
0
0
0
0.785662174224854
0
0
0
0
0
0
0
0
0
0
0
0.788721740245819
0
0
0
0
0
0
0
0
0
0
0
0
0
0
0
0
0
0
0
0
0
0
0
0
0
0
0
0
0
0
0
0
0
0
0
0
0
0
0
0
0
0
0
0
0
0.738591432571411
0
0
0
0
0
0
0
0.725855350494385
0
0
0
0
0
0
0
0
0
0
0
0
0
0
0
0
0
0
0
0
0
0
0
0
0
0
0
0
0
0
1
0
0
0
0
0
0
0
0
0
0
0
0
0
0
0
0
0
0
0
0
0
0
0
0
0
0
0.754949152469635
0
0
0
0
0
0
0
0
0
0
0
0.881016612052917
0
0
0
0
0
0
0
0
0
0
0
0
0
0
0
0
0
0
0
0
0
0
0
0.844569325447083
0
0
0
0
0
0
0
0
0
0
0
0
0
0
0
0
0
0
0
0
0
0.929728209972382
0
0
0
0
0
0
0
0
0.760735154151917
0.969558238983154
0
0
0
0
0
0
0
0
0
0
0.763664782047272
0
0
0
0
0
0
0
0
0
0
0
0
0
0
0
0
0
0
0
0
0.743086576461792
0
0
0
0
0
0
0
0
