0
0
0
0
0
0
0
0
0
0
0.50769978761673
0
0
0
0
0
0.729729175567627
0
0
0
0
0
0
0
0
0
0
0
0
0
0
0
0
0
0
0
0
0
0
0
0
0
0
0
0
0
0
0
0
0
0
0
0.813444375991821
0.475207060575485
0
0
0
0
0
0
0
0
0
0
0
0
0
0
0
0
0
0
0
0
0
0
0
0
0
0
0
0
0
0
0
0
0.528425633907318
0
0
0
0
0
0
0
0
0
0
0
0
0
0
0
0
0
0
0
0
0
0
0
0
0
0
0
0
0
0
0
0
0
0
0
0
0
0
0
0
0
0
0
0
0
0
0
0
0
0
0
0
0
0
0
0
0
0
0
0
0
0
0
0
0
0
0
0
0
0
0
0
0
0
0
0
0
0
0
0
0
0
0
0
0
0
0
0
0
0
0
0
0
0
0
0.495130717754364
0
0
0
0
0
0
0
0
0
0
0
0.558453500270844
0
0
0
0
0
0
0
0
0
0
0
0
0
0
0
0
0
0.517112970352173
0
0.444895654916763
0
0
0
0
0
0
0
0
0
0
0
0
0
0
0
0
0
0
0
0
0
0
0
0
0
0
0
0
0
0
0
0
0
0
0
0
0
0
0
0
0
0
0
0
0
0.753959655761719
0
0
0
0
0
0
0.539919137954712
0.571201920509338
0.64935177564621
0
0
0
0
0
0
0
0
0
0
0
0
0
0
0
0
0
0
0
0
0
0
0
0
0
0
0
0
0
0
0
0
0.559496104717255
0
0
0
0
0
0
0
0
0.576604127883911
0
0.514058649539948
0
0
0
0
0
0
0
0
0
0
0
0
0
0
0.450889319181442
0
0
0
0
0
0
0
0
0
0
0
0
0
0.48020601272583
0
0
0
0
0
0
0
0.667094826698303
0
0
0
0
0
0.478628724813461
0
0
0
