0
0
0
0
0
0
0
0
0
0
0
0
0
0
0
0
0
0
0
0
0
0
0
0
0
0
0
0
0.374470770359039
0
0
0
0
0
0
0
0
0
0
0
0
0
0
0
0
0
0
0
0
0
0
0
0
0
0
0
0
0
0
0
0
0
0
0
0
0
0
0
0
0
0
0
0
0
0
0
0
0
0
0
0
0
0
0
0
0
0
0
0
0
0
0
0
0
0
0
0
0
0
0
0
0
0
0
0
0
0
0
0
0
0
0
0
0
0
0
0
0
0
0
0
0
0
0
0
0
0
0
0
0
0
0
0
0
0
0
0
0
0
0
0
0
0
0
0
0
0
0
0
0
0
0
0
0
0
0
0
0
0
0
0
0
0
0
0
0
0
0
0
0
0
0
0
0
0
0
0
0
0
0
0
0
0
0
0
0
0
0
0
0
0
0
0
0
0
0
0
0
0
0
0
0
0
0
0
0
0.390577346086502
0
0
0
0
0
0
0
0
0
0
0
0
0
0
0
0
0
0
0
0
0
0
0
0
0
0
0
0
0
0
0
0
0
0
0
0
0
0
0
0
0
0
0
0
0
0
0
0
0
0
0
0
0
0
0
0
0
0
0
0
0
0
0
0
0
0
0.35729905962944
0
0
0
0.473248183727264
0.556782424449921
0
0
0
0
0
0
0
0.58364200592041
0.360489368438721
0
0
0
0
0
0
0
0
0
0
0.357745587825775
0
0
0
0
0
0
0.404745310544968
0.401246666908264
0
0.357484608888626
0
0
0
0
0
0
0
0.511903285980225
0
0.457678258419037
0
0
0
0
0.521932303905487
0
0
0
0
0
0
0
0
0
0
0.345877557992935
0
0
0
0
0
0
0
0
0
0
0
0
0
0
0
0.536230564117432
0
0
0
0.431607335805893
0.392944723367691
0.374236553907394
0
0.421234607696533
0
