0
0
0
0
0
0
0
0
0
0
0
0
0
0
0
0
0
0.747106373310089
0
0
0
0.569618344306946
0
0
0
0
0
0
0
0
0
0
0
0
0
0
0
0
0
0
0
0
0.497580707073212
0
0
0
0
0
0
0
0
0
0
0
0
0
0
0
0
0
0
0
0
0
0
0
0
0
0
0
0
0
0
0
0
0
0
0
0
0
0
0
0
0
0
0
0
0
0
0
0
0
0
0
0
0
0
0
0
0
0
0
0
0
0
0
0
0
0
0
0
0
0
0
0
0
0
0
0
0
0
0
0
0
0
0
0
0.432248592376709
0
0
0
0
0
0
0
0
0
0
0
0
0
0
0
0
0
0
0
0
0
0
0
0
0
0
0
0
0
0
0
0
0
0
0
0
0
0
0
0
0
0
0
0
0
0
0
0
0
0
0
0
0
0
0
0
0
0
0
0
0
0.527066111564636
0
0.481025218963623
0
0
0
0
0
0.736878335475922
0
0
0
0.478931188583374
0
0
0
0
0
0.440856546163559
0
0
0
0
0
0
0
0
0
0
0
0
0
0
0
0
0
0
0
0
0
0
0.466011762619019
0.461898326873779
0
0
0
0
0
0
0
0
0
0
0
0
0
0
0.427114427089691
0
0
0
0
0
0.433852761983871
0
0
0
0
0
0
0
0.415201276540756
0
0
0
0
0
0
0
0
0
0
0
0
0
0
0
0
0
0
0
0
0
0
0
0
0
0
0
0
0
0
0
0
0
0
0
0
0
0
0
0
0
0
0
0
0
0
0
0
0
0
0
0
0
0.475429058074951
0
0
0
0.427440255880356
0.421509563922882
0
0
0
0
0
0
0
0.444056898355484
0.419684886932373
0.427169978618622
0
0
0
0
0
0
0
0
0
0
0
0
0
0
0
0
0
0
0
0
0
0
0
0
0
0
0
0
0
0
