0
0
0
0
0.636247396469116
0
0
0
0
0
0
0
0.637139916419983
0
0
0
0
0
0
0
0
0
0
0
0
0.964428663253784
0
0
0
0
0
0
0
0
0
0
0
0
0
0
0
0
0
0.55783349275589
0
0
0
0
0
0
0.65407532453537
0
0
0
0
0.860710799694061
0
0
0
0
0
0
0
0
0
0
0
0
0
0
0
0
0
0
0
0
0
0
0
0
0
0
0
0
0
0
0
0
0
0
0
0
0
0
0
0
0
0
0
0
0
0
0
0
0.719707727432251
0
0
0
0
0
0
0
0
0
0
0
0
0
0
0
0
0
0
0
0
0
0
0
0
0
0
0
0
0
0
0
0.568898797035217
0
0
0.528370916843414
0
0
0
0.536849617958069
0
0
0
0
0
0
0
0
0
0
0
0
0.795872509479523
0
0
0
0
0
0
0
0
0
0
0
0.710769176483154
0.576092660427094
0
0
0
0
0
0
0
0
0.54848039150238
0
0
0
0
0
0
0
0
0
0
0
0
0
0
0
0
0
0
0
0
0
0
0
0
0
0
0
0
0
0
0
0
0
0
0
0
0.608658611774445
0
0
0
0
0
0
0.61431622505188
0
0
0
0
0
0
0
0
0
0
0
0
0
0
0
0
0
0
0
0
0
0
0
0
0
0
0
0
0
0
0
0
0
0
0
0
0
0
0
0
0
0
0
0
0
0
0
1.01615166664124
0
0
0
0
0
0
0
0
0
0
0
0
0
0
0.81915146112442
0
0
0
0
0
0
0
0
0
0
0
0
0
0
0
0
0
0
0
0
0
0
0
0
0
0
0
0
0
0
0
0
0
0
0.578566253185272
0
0
0
0
0
0
0
0
0
0
0
0
0
0
0
0
0
0
0
0
0
0
0
0
0
0
0
0
0
0
0
0
0.718570053577423
0
0
0
0
0
0
