0
0
0
0
0
0
0
0
0
0
0
0
0
0
0.503565430641174
0
0
0
0
0
0
0
0
0
0
0
0
0
0.500347018241882
0
0.500710308551788
0
0
0
0
0
0
0
0
0
0
0
0
0
0
0.552909255027771
0
0
0
0.527700424194336
0
0
0
0
0
0
0
0
0
0
0
0
0
0
0
0
0
0
0
0
0
0
0
0
0
0
0
0
0
0
0
0
0
0
0
0
0
0
0
0
0
0
0
0
0.405803918838501
0
0
0
0
0
0
0
0
0
0
0
0
0
0
0
0
0
0
0
0
0
0
0
0
0
0
0
0
0
0
0
0.440769672393799
0
0
0
0
0
0
0
0
0
0
0
0
0
0
0.544477880001068
0.54030978679657
0.568509221076965
0.572450757026672
0.548335433006287
0
0
0.467069625854492
0
0.483460277318954
0
0
0.461887896060944
0
0
0
0.489093005657196
0
0.570683181285858
0
0
0
0
0
0
0
0
0
0
0
0
0
0
0
0
0
0
0
0
0
0
0
0
0
0
0
0
0
0
0
0
0
0
0
0
0
0
0
0
0
0
0
0
0
0
0
0
0.446283996105194
0
0
0
0
0
0
0
0
0
0
0
0
0
0
0
0
0.434136211872101
0
0
0
0
0
0
0
0
0
0
0
0
0
0
0
0
0
0
0
0
0
0
0
0
0
0
0
0
0
0
0
0
0
0
0
0
0
0
0
0
0
0
0
0
0
0
0
0
0
0
0
0
0
0
0
0
0
0
0
0
0
0
0
0
0
0
0
0
0
0
0
0
0
0
0
0
0
0
0
0
0
0
0
0
0
0
0
0
0
0
0
0
0
0
0
0
0
0
0
0
0
0
0
0
0
0
0
0
0
0
0
0
0
0.396300733089447
0
0
0
0
0
0
0
0
0
0
0
0
0
0
0
0
0
0
0
0
