0
1.11411690711975
0
0
0
0
0
0
0
0
0
0
0
0
0
0
0
0
0
0
0.982206046581268
0
0
1.15692615509033
0
0
0
0
0
0
0
0
0
0
0
0
0
0
0
0
0
0
0
0
0
1.07368135452271
0
0
0
0
0
0
0
0
0
0
0
0
0
0
0
0
0
1.7490531206131
0
0
0
0
0
0
1.01618373394012
0
0
0
0
0
0
0
0
0
0
0
0
0
0
0
0
0
0
0
0
0
0
1.88258242607117
0
0
0
0
0
0
0
0
0
0
0
0
0
1.33794188499451
0
0
0
0
0
0
0
0
0
0
0
0
0
0
0
0
0
0
0
1.15969669818878
1.64323854446411
0
0
0
0
0
0
0
0
0
0
0
0
0
0
0
0
0
0
0
0
0
0
0
0
1.12346029281616
0
0
0
0
0
0
0
0
0
0
0
0
0
0
0
0
0
0
0
0
0
0
0
0
0
0
0
0
0
0
0
0
0
0
0
0
0
1.13410091400146
0
0
1.40534245967865
0
0
1.05875849723816
0
0
0
1.45278024673462
0
0
0
1.44084930419922
0
1.06485676765442
0
0
0
0
0
0
0
0
0
0
0
0
0
0
0
0
0
0
0
0
0
0
0
0
1.02115321159363
0
0
0
0
0
0
0
0
1.01191008090973
0
0
0
0
0
0
0
0
0
0
0
0
0
0
0
0
0
0
0
0
0
0
0
0
0
1.43648183345795
0
0
0
0
0
0
0
0
0
0
0
0
0
0
0
0
0
0
0
0
0
0
0
0
0
0
0
0
0
0
0
0
0
0
0
0
0
0
0
0
0
0
0
0
0
0
0
0
0
0
0
0
0
0
0
0
0
0
0
0
0
0
0
0
0
0
0
0
0
0
0
0
0
0
0
0
0
0
0
0
0
0
0
0
0
0
0
0
0
0
0
0
