0.674845695495605
0
0
0.64370983839035
0.778272807598114
0.878792464733124
0.754327178001404
0
0
0
0
0
0
0
0
0
0
0
0.757912516593933
0
0
0
0
0
0
0
0
0
0
0
0
0
0
0
0
0
0
0
0
0
0
0
0
0
0
0
0
0
0
0
0
0
0
0
0
0
0
0
0
0
0
0
0
0
0
0
0
0
0
0
0
0
0
0
0
0
0
0
0
0
0
0
0
0
0
0
0
0
0
0
0
0
0
0
0
0
0
0
0
0
0
0
0
0
0
0
0
0
0
0
0
0
0
0
0
0
0
0
0
0
0
0
0
0
0
0.639926791191101
0.765991508960724
0
0
0
0
0
0
0
0
0
0
0
0
0
0
0
0.600979685783386
0
0
0.589733004570007
0
0
0
0
0
0
0
0.888361275196075
0
0
0
0.992169737815857
0
0.95675528049469
0
0
0
0
0
0
0
0
0
0
0
0
0
0
0
0
0
0
0
0
0.587929785251617
0
0
0
0.621520459651947
0.755756676197052
0
0
0
0
0
0
0
0
0
0
0
0
0.698664307594299
0
0
0
0
0
0
0
0
0
0
0
0
0
0
0
0
0
0
0
0
0
0
0
0
0
0
0
0
0
0
0
0
0
0
0
0
0
0
0
0
0
0
0
0
0
0
0
0
0
0
0
0
0
0
0
0
0
0
0
0
0
0
0
0
0
0
0
0
0
0
0
0
0
0
0
0
0
0
0
0
0
0
0
0
0
0
0
0
0
0
0
0
0
0
0
0
0
0
0
0
0
0
0
0
0
0
0
0
0
0
0
0
0
0
0
0
0
0
0
0
0
0
0
0
0
0
0
0
0
0
0
0
0
0
0.745514273643494
0
0
0
0.82226037979126
0
0.726438760757446
0
0
0
0
0
0
0
0
0
0
0
0
0
0
0
0
0
0
0
0
