0
0
0
0
0
0.130621805787086
0
0
0
0
0
0
0
0
0
0
0
0
0
0
0
0
0
0
0
0
0.178763568401337
0
0
0
0
0
0
0
0
0
0
0.0517422072589397
0
0
0
0
0
0
0
0
0
0
0
0
0
0
0
0
0
0
0
0
0
0
0
0
0
0
0
0
0
0
0
0
0
0
0
0
0
0
0
0
0
0
0
0
0
0
0
0
0
0
0
0
0
0
0
0
0
0
0
0
0
0
0
0
0.164086475968361
0
0
0
0
0
0
0
0
0
0
0
0
0
0
0
0
0
0
0
0
0.0643388703465462
0
0
0
0
0
0
0
0
0
0
0
0
0
0
0
0
0.162415966391563
0
0
0
0
0
0
0
0
0
0
0
0.0796604081988335
0
0
0
0
0
0
0
0
0
0.0878729298710823
0
0
0
0
0
0
0
0
0
0
0
0
0
0
0
0
0
0
0
0
0
0
0
0
0
0
0
0
0
0
0
0
0
0
0
0
0
0.126846387982368
0
0
0
0
0
0
0
0
0
0
0
0
0
0.141815930604935
0
0
0
0
0
0
0
0.0355768650770187
0
0
0
0
0
0
0
0
0
0
0
0
0
0
0
0
0
0.0762355476617813
0
0
0
0
0
0.214560553431511
0
0
0
0
0
0
0
0
0
0.0581060200929642
0
0.094065748155117
0
0.134741321206093
0
0
0
0
0
0
0
0
0
0
0
0
0
0
0
0
0
0
0
0.126451626420021
0
0
0
0
0
0
0
0
0
0
0
0
0
0
0
0
0
0
0
0
0
0
0
0
0
0
0
0.173775404691696
0
0
0
0
0
0
0
0
0
0.181002348661423
0
0
0
0
0
0
0
0
0
0
0
0
0
0
0
0
0
0
0
0
0
0
0
0
0
0
0
0
0
0
0
0
0
0
0
0
0
0
0.0592767298221588
0
0
