0
0
0
0
0
0
0
0
0
0
0
0
0
0
0
0
0.715632498264313
0.780897498130798
0
0.77227908372879
0.874828517436981
0.680700659751892
0
0
0
0
0
0
0
0
0
0
0
0
0
0
0
0
0
0
0
0
0
0
0
0
0
0
0
0.662611544132233
0
0
0
0
0
0
0
0
0
0
0
0
0
0
0
0
0
0
0
0
0
0
0
0
0
0
0
0
0
0
0
0
0
0
0
0
0
0
0
0
0
0
0
0
0
0
0
0
0
0
0
0
0
0
0
0
0
0
0
0
0
0
0
0
0
0
0
0
0
0
0
0
0
0
0
0
0
0
0
0
0
0
0
0
0
0.645496964454651
0
1.02192950248718
0
0
0
0
0
0
0
0.700343549251556
0
0
0
0
0
0
0
0
0
0.857112884521484
0.693372070789337
0.675845980644226
0.799784660339355
0
0
0
0
0
0
0
0
0
0
0
0
0
0
0
0
0
0
0
0
0
0
0
0
0
0
0
0
0
0
0
0
0
0
0
0
0
0
0.743664383888245
0
0.647185742855072
0.769789695739746
0.677074790000916
0
0
0
0
0
0
0
0
0
0
0
0
0
0
0
0
0
0
0
0
0
0
0
0
0
0
0
0
0
0
0
0
0
0
0
0
0
0
0
0
0
0
0
0
0
0
0
0
0
0
0
0
0
0
0
0
0
0
0
0
0
0
0
0
0
0
0
0
0
0
0
0
0
0
0
0
0
0
0
0
0
0
0
0
0
0
0
0
0
0
0
0
0
0
0
0
0
0
0
0
0
0
0
0
0
0
0
0
0
0
0
0
0
0
0
0.830681204795837
0
0
0
0
0
0
0
0
0
0
0
0
0
0
0
0
0
0.688575208187103
0
0
0.679593145847321
0
0
0
0
0
0
0
0
0
0
0
0
0
0
0
0
0
0
0
0
0
