0
0
0.137219682335854
0
0
0
0
0
0
0
0
0
0.0728920251131058
0
0
0
0
0
0
0
0
0
0
0
0
0
0
0
0
0
0
0.111262284219265
0
0
0
0
0
0
0
0
0
0
0
0
0
0
0
0
0
0
0
0
0
0
0
0
0
0.0263222269713879
0
0
0
0
0
0
0
0
0.027657812461257
0
0
0
0
0
0
0
0
0
0
0
0
0
0
0
0
0
0
0
0
0.0630327090620995
0
0
0
0
0
0
0
0.138103485107422
0
0
0
0
0
0
0
0
0
0
0
0
0
0
0
0
0
0
0
0
0
0
0
0
0
0
0
0
0
0
0
0
0
0
0
0
0
0
0
0
0
0
0
0
0.265168517827988
0
0
0
0
0
0.0795256718993187
0
0
0
0
0
0
0
0
0
0
0
0
0.12864176928997
0.168724253773689
0
0
0
0
0
0
0
0
0
0
0
0
0
0
0
0.16062842309475
0
0
0
0
0
0
0
0
0
0
0
0
0
0
0
0
0
0
0
0
0
0
0
0
0
0
0
0
0
0.0415729358792305
0
0
0
0
0
0
0
0
0
0
0
0
0
0
0
0.0758402720093727
0
0
0
0
0
0
0
0
0
0
0
0
0
0
0
0
0
0
0
0
0
0
0
0
0
0
0
0.1101995408535
0
0
0
0
0
0.0479670763015747
0
0
0
0.0321254059672356
0
0
0
0
0
0
0
0
0
0
0
0
0
0
0
0
0
0
0
0.0463231205940247
0
0
0
0
0
0
0
0
0
0
0
0
0
0
0
0
0
0
0
0
0
0
0
0
0
0
0
0.267998158931732
0
0
0
0
0
0
0
0
0
0
0
0
0
0
0
0
0
0
0
0
0
0
0
0
0
0
0
0
0
0
0
0
0
0
0
0
0
0
0
0
0
0
0
0
0
0.227158069610596
0
0
0
0
0
