0
0
0
0
0
0
0
0
0
0
0
0
0
0
0
0
0
0
0
0
0
0
0
0
0
0
0
0
0
0
0
0
0
0
0
0
0
0
0
0
0
0
0
0
0
1.09297358989716
0
0
0
0
0
0
0
0
0
0
0
0
0
0
0
0
0
0
0
0
0
0
0
0
0
0
0
0
0
0
0
0
2.5945463180542
0
0
0
0
0
0
0
0
0
1.65056121349335
0
0
0
0
0
0
0
0
0
0
1.3617080450058
0.981900811195374
0
0
0
0
0
0
1.00951087474823
0
0
0
0
0
0
0
0
0
2.06827735900879
0
0
0
0
0
0
0
0
0
0
0
0
0
0
0
0
0
0
0
0
0
0
0.962630689144135
0
0
1.30691885948181
0
0
1.22627818584442
0
0
0
0
0
0
0
1.45249235630035
0
0
0
0
0
0
0
0
0
0
0
0
0
0
0
0
0
0
0
0
0
0
0
0
0
0
0
0
0
0
0
0
0
0
0
0
0
0
0
0
0
0
0
0
0
0
0
0
0
0
0
1.44841468334198
0
0
0
0
0
0
0
0
0
0
0
0
0
0
0
0
0
0
0
0
0
0
0
0
0
0
0
0
0
0.844893932342529
0
0
0
0
0
0
0
0
0
0
0
0
0
0
0
0
0
0
0
0
0
0
0
0
0
0
0
0
0
0
0
0
0
0
0
0
0
0
0
0
0
0
0
0
0
0
0.939247786998749
1.24577951431274
0
0
0
0
0
0
0
0
0
0
0
0
0
0
0
0
0
0
0
0
0
0
0
0
0
0
1.42422091960907
0
0
0
0
0
0
0
0
0
1.1382462978363
0
0
0
0
0
1.06744813919067
0
0
0
0
0
1.1960780620575
0
0
0
0
0
0
0
0
0
0
0
0.981670260429382
0
0
0
0
0
0
0
0
0
0
0
0
0
0
