0
0
0
0
0
0
0
0.924756348133087
0
0
0
0
0
0
0.903032898902893
0
0
0
0
0
0
0
0
0
0
0
0
0
0
0
0
0.787588238716125
0
0
0
0
0
0
0
0
0
0
0.973785638809204
0
0
0
0
0
0
0
0
0
0
0
0
0
0
0
0
0
0
0
0
0
0
0
0
0
0.752277493476868
0
0
0
0
0
0
0
0
0
0
0.838131785392761
0
0
0
0
0
0
0
0
0
0
0
0
0
0
0
0
0
0
0.747066736221313
0
0
0
0
0
0
0
0
0
0
0
0
0
0
0
0
0
0
0
0
0
0
0
0
0
0
0
0
0.832074284553528
0
0
0
0
0
0
0
0
0
0
0
0.79143226146698
0
0
0
0
0
0
0
0
0
0
0
0
0
0
0
0
0
0
0
0
0
0
0
0
0
0
0
0
0
0
0
0
0
0
0
0
0
0
0
0
0
0
0
0
0
0.811730265617371
0
0
0
0
0
0
0
0.751629769802094
0
0
0
0
0
0
0
0
0
0
0
0
0
0
0
0
0
0
0
0
0
0
0
0
0
0
0
0
0
0
0.945982813835144
0
0
0
0
0
0
0
0
0
0
0
0
0
0
0
0
0
0
0
0
0
0
0
0
0
0
0.847464740276337
0
0
0
0
0
0
0
0
0
0
0
0.902970314025879
0
0
0
0
0
0
0
0
0
0
0
0
0
0
0
0
0
0
0
0
0
0
0
0.832496166229248
0
0
0
0
0
0
0
0
0
0
0
0
0
0
0
0
0
0
0
0
0
0.924685895442963
0
0
0
0
0
0
0
0
0.86121678352356
1
0
0
0
0
0
0
0
0
0
0
0.886572599411011
0
0
0
0
0
0
0
0
0
0
0
0
0
0
0
0
0
0
0
0
0.792015314102173
0
0
0
0
0
0
0
0
