0
0
0
0
0
0
0
0
0
0
0
0
0
0
0
0
0
0
0
0
0
0
0
1.00242161750793
0
0
0
0
0
0
0
0
0
0
0
0
1.11397993564606
0
0
0
0
1.1470353603363
0
0
0
0
0
0
0
0
0
0
0
0
0
0
0
0
0
0
0
0
0
0
0
0
0
0
1.18170440196991
0
0
0
0
0
0
0
0
0
0
0.991084694862366
0
0
0
0
0
0
0
0
0
0
0
0
0
0
0
0
0
0
0
0
1.73260223865509
0
0
0
0
0
1.8489351272583
0
0
0
0
0
0
0
1.59442543983459
0
0
0
0
0
0
0
0
0
0
0
0
0
0
0
0
0
0
0
0
0
0
0
0
0
0
0
0
0
0
0
0
0
0.933373689651489
0
0
1.02343583106995
0
0
0
0
0
0
0
0
0
0
0
0
2.19387078285217
0
0
0
0
0
0
0
0
0
0
0
0
0
0
0
0
1.30093741416931
0
0
0
0
0
0
0
0
0
0
0
0
0
0
0
0
0
0
0
0
0
0
0
0
0
0
0
0
0
0
0
0
0
0
0
0
0
0
0
0
0
0
0
0
0
0
0
0
0
0
0
0
0
0
0
1.161496758461
0
0
0
0
0
0
0
0
0
0
0
0
0
0
0
0
0
0
0
0
1.07879209518433
0
0
0
0
0
0
0
0
0
0
0
0
0
0
0
0
0
0
0
0
0
0
0
0
0
0
0
0
0
0
0
0
0
0
0
0
0
0
0
0
0
0.913697063922882
0
0
0
0
0
0
0
0
1.3779981136322
0
0
0
0
0
0
0
0
0
0
0
0
0
1.66905546188354
0
0
0
0
0
0
0
0
0
0
0
0
0
0
0
0
0
0
0
0
0
0
1.47051334381104
0
0
0.811550855636597
1.70866322517395
0
0
0
0
0
0
0
0
0
