0
0
0
0
0
0
0
0
0
0
0
0
0
0
0
0
0
0
0
0
0
0
0
0
0
0
0
0
0
0
0
0
0
0
0
0
0
0
0
0
0
0
0
0
0
0
0
0
0
0
0
0
0
0
0
0
0
0
0
0
0
0
0
0
0
0
0
0
0
0
0
0.574585914611816
0
0
0
0
0.545438587665558
0
0
0
0
0
0
0
0
0
0
0
0
0
0
0
0
0
0
0
0
0
0
0
0
0
0
0
0
0
0
0
0
0
0
0
0
0
0
0
0
0
0
0
0
0
0
0
0
0
0
0
0
0
0
0
0
0
0
0
0
0
0
0
0
0
0
0
0
0
0
0
0
0
0
0
0
0
0
0
0
0
0
0
0
0
0
0
0
0
0
0
0
0
0
0
0
0
0
0
0
0
0
0
0
0
0
0
0
0
0
0.705544471740723
0
0
0
0
0
0
0
0.839584946632385
0
0
0
0
0
0
0
0.625576078891754
0
0
0
0
0
0
0
0
0
0
0
0
0
0
0
0
0
0
0
0
1.32760453224182
0.675923883914948
0
0
0.992758929729462
0
0
0
0
0
0
0
0
0
0
0
0.536929070949554
0
0
0
0
0
0
0.53862738609314
0
0
0
0.908530056476593
0
0
0
0
0
0.707039058208466
0
0
0
0
0
0.620851933956146
0
0
0
0
0
0
0
0
0
0
0.644392549991608
0
0.539181411266327
0
0
0
0
0
0
0
0
0
0
0
0
0
0
0
0
0
0
0
0
0
0
0
0.788238763809204
0
0.606938779354095
0.738823592662811
0
0
0
1.07701992988586
0
0
0
0
0
0
0
0.528954148292542
0
0
0
0
0
0
0
0
0
0
0
0
0
0
0
0
0
0
0
0
0
0
0
0
0
0
0
0
0
0
0
0
0
0
0
0
0
0
0
0
0
0
0
0
