0
0
0
0
0
0
0
0
0
0
0
0
0
0
0.68516731262207
0
0
0
0
0
0
0
1
0
0
0
0
0
0
0
0
0
0
0
0
0
0
0
0
0
0
0
0
0
0
0
0
0
0
0
0
0
0
0
0
0
0
0
0
0
0
0
0
0
0
0
0
0
0
0
0
0
0
0.617387652397156
0
0
0
0
0
0
0
0
0
0
0
0
0
0
0
0
0
0
0
0.631149113178253
0
0
0
0
0
0
0
0
0
0
0
0
0
0
0
0
0
0
0
0
0
0
0
0
0
0
0
0
0
0
0
0
0
0
0.67861396074295
0.607480585575104
0
0
0
0
0
0
0
0
0
0
0
0
0
0
0
0
0.607814729213715
0
0
0
0.754457116127014
0
0
0.678189039230347
0
0
0
0
0
0
0
0
0
0
0
0
0.763298809528351
0
0
0
0
0
0
0
0
0
0
0
0
0
0
0
0
0
0
0.663692355155945
0
0
0
0
0
0
0
0
0
0
0
0
0
0
0
0
0
0
0
0
0
0
0.711591958999634
0
0
0
0
0
0
0
0
0
0.780586898326874
0
0
0
0
0
0
0
0
0
0
0
0
0
0
0
0
0
0
0
0
0
0
0
0
0
0
0
0
0
0
0
0
0
0
0
0.854614675045013
0
0
0
0
0
0
0
0
0
0
0
0
0
0
0
0
0
0
0
0
0
0
0
0
0
0
0
0
0
0
0
0
0
0
0
0
0
0
0
0
0
0
0
0
0.653491795063019
0
0
0
0
0
0
0
0
0
0.67991429567337
0
0
0
0
0
0
0
0
0.648036181926727
0
0
0
0
0
0
0
0
0
0
0
0
0
0
0
0.705310225486755
0
0
0
0
0
0.658128678798676
0
0
0
0
0
0
0
0
0
0
0
0
0
0
0
0
0
0.686468422412872
0
