0
0
0
0
0.56311571598053
0
0
0
0
0
0
0
0
0
0.666235625743866
0
0
0
0
0
0
0
1
0
0
0
0
0
0
0
0
0
0
0
0
0
0
0
0
0
0
0
0
0
0
0
0
0
0
0
0
0
0
0
0
0
0
0
0
0
0
0
0
0
0
0
0
0
0
0
0
0
0
0
0
0.572642743587494
0
0
0
0
0
0
0
0
0
0
0
0
0
0
0
0
0
0
0
0
0
0
0
0
0
0
0
0
0
0
0
0
0
0
0
0
0
0
0
0
0
0
0
0
0
0.643768191337585
0
0
0
0
0
0
0.698850095272064
0.614521265029907
0
0
0
0
0
0
0
0
0
0
0
0
0
0
0
0
0
0
0
0
0.712599754333496
0
0
0.668065369129181
0
0
0
0
0
0
0
0
0
0
0
0
0.859623074531555
0
0
0
0
0
0
0
0
0
0
0
0
0
0
0
0
0
0
0.582359433174133
0
0
0
0
0
0
0
0
0
0
0
0
0
0
0
0
0
0
0.670754075050354
0
0
0
0
0
0
0
0
0
0
0
0
0
0.649593412876129
0
0
0
0
0
0
0
0.604902148246765
0
0
0
0
0
0
0
0
0
0
0
0
0
0
0
0
0
0
0
0
0
0
0
0
0
0
0
0.809160053730011
0
0
0
0
0
0
0
0
0
0
0
0
0
0
0
0
0
0
0
0
0
0
0
0
0
0
0
0
0
0
0
0
0
0
0
0
0
0
0
0
0
0
0
0
0
0
0
0
0
0
0
0
0
0
0.664779961109161
0
0
0
0
0.569094836711884
0
0
0
0
0
0
0
0
0
0
0
0
0
0
0
0
0
0
0
0.631214022636414
0
0
0
0
0
0.679856896400452
0
0
0
0
0
0
0
0
0
0
0
0
0
0
0
0
0
0.569489002227783
0
