0
0
0
0
0.538037836551666
0
0
0
0
0
0
0
0.549263715744019
0
0.661446928977966
0
0
0
0
0
0
0
1
0
0
0
0
0
0
0
0
0
0
0
0
0
0
0
0
0
0
0
0
0
0
0
0
0
0
0
0
0
0
0
0
0
0
0
0
0
0
0
0
0
0
0
0
0
0
0
0
0
0
0
0
0.601198315620422
0
0
0
0
0
0
0
0
0
0
0
0
0
0
0
0
0
0
0
0
0
0
0
0
0
0
0
0
0
0
0
0
0
0
0
0
0
0
0
0
0
0
0
0
0
0.545309484004974
0
0
0
0
0
0
0.563543915748596
0.589340090751648
0
0
0
0
0
0
0
0
0
0
0
0
0
0
0
0
0
0
0
0
0.649479925632477
0
0
0.632202625274658
0
0
0
0
0
0
0
0
0.575607597827911
0
0
0
0.748961091041565
0
0
0
0
0
0
0
0
0
0
0
0
0
0
0
0
0
0
0.581710815429688
0
0
0
0
0
0
0
0
0
0
0
0
0
0
0
0
0
0
0.579396069049835
0
0
0
0
0
0
0
0
0
0
0
0
0
0.634902477264404
0
0
0
0
0
0
0
0
0
0
0
0
0
0
0
0
0
0
0
0
0
0
0
0
0
0
0
0
0
0
0
0
0
0
0
0.701002478599548
0
0
0
0
0
0
0
0
0
0
0
0
0
0
0
0
0
0
0
0
0
0
0
0
0
0
0
0
0
0
0
0
0
0
0
0
0
0
0
0
0
0
0
0
0
0
0
0
0
0
0
0
0
0
0.572493016719818
0
0
0
0
0
0
0
0
0
0
0
0
0
0
0
0
0
0
0
0
0
0
0
0
0.651082038879395
0
0
0
0
0
0.773001551628113
0
0
0
0
0
0
0
0
0
0
0.541891574859619
0
0
0
0
0
0
0
0
