0.627445161342621
0
0
0.465425491333008
0.490530490875244
0.560566782951355
0.502146542072296
0
0
0
0
0
0
0
0
0
0
0
0.374864131212234
0.547153234481812
0
0
0
0
0
0
0
0
0
0
0
0
0
0
0
0
0
0
0
0
0
0
0
0
0
0
0
0
0
0
0
0
0
0
0
0
0
0
0
0
0
0
0
0
0
0
0
0
0
0
0
0
0
0
0
0
0
0
0
0
0
0
0
0
0
0
0
0
0
0
0
0
0
0
0
0
0
0
0
0
0
0
0
0
0
0
0
0
0
0
0
0
0
0
0
0
0
0
0
0
0
0
0
0
0
0
0
0
0
0
0
0
0
0
0
0
0
0.459257274866104
0
0
0
0
0
0
0
0
0
0
0
0
0
0
0
0.48636856675148
0
0
0
0.500674307346344
0
0
0
0
0.373640716075897
0
0
0
0
0
0
0
0
0
0
0
0
0
0
0
0
0
0.53032398223877
0
0
0.414445728063583
0
0.482439905405045
0
0
0
0
0
0
0
0
0
0
0
0
0
0.433038771152496
0.393101364374161
0
0
0
0
0
0
0
0
0
0
0
0
0
0
0
0
0
0
0
0
0
0
0
0
0
0
0
0
0
0
0
0
0
0
0
0
0
0
0
0
0
0
0
0
0
0
0
0
0
0
0
0
0
0
0
0
0
0
0
0
0
0
0
0
0
0
0
0
0
0
0
0
0
0
0
0
0
0
0
0
0
0
0
0
0
0
0
0
0
0
0
0
0
0
0
0
0
0
0
0
0
0
0
0
0
0
0
0
0
0
0
0
0
0
0
0
0.554384231567383
0
0
0
0
0
0
0
0
0
0
0
0
0
0
0
0.414156198501587
0
0
0
0.486689180135727
0
0
0
0
0.380928128957748
0
0
0
0
0
0
0
0
0
0
0
0
0
0
0
0
0
