0
0
0
0
0
0
0
0.906111776828766
0
0
0
0
0
0
0.829530119895935
0
0
0
0
0
0
0
0
0
0
0
0
0
0
0
0
0.769007623195648
0
0
0
0
0
0
0
0
0
0
0.958045423030853
0
0
0
0
0
0
0
0
0
0
0
0
0
0
0
0
0
0
0
0
0
0
0
0
0
0.751553356647491
0
0
0
0
0
0
0
0
0
0
0.782354056835175
0
0
0
0
0
0
0
0
0
0
0
0
0
0
0
0
0
0
0
0
0
0
0
0
0
0
0
0
0
0
0
0
0
0
0
0
0
0
0
0
0
0
0
0
0
0
0
0.804497480392456
0
0
0
0
0
0
0
0
0
0
0
0.798092722892761
0
0
0
0
0
0
0
0
0
0
0
0
0
0
0
0
0
0
0
0
0
0
0
0
0
0
0
0
0
0
0
0
0
0
0
0
0
0
0
0
0
0
0
0
0
0
0
0
0
0
0
0
0
0.866278350353241
0
0
0
0
0
0
0
0
0
0
0
0
0
0
0
0
0
0
0
0
0
0
0
0
0
0
0
0
0
0
0.965581357479095
0
0
0
0
0
0
0
0
0
0
0
0
0
0
0
0
0
0
0
0
0
0
0
0
0
0
0.816669225692749
0
0
0
0
0
0
0
0
0
0
0
0.915238082408905
0
0
0
0
0
0
0
0
0
0
0
0
0
0
0
0
0
0
0
0
0
0
0
0.813591420650482
0
0
0
0
0
0
0
0
0
0
0
0
0
0
0
0
0
0
0
0
0
0.939642608165741
0
0
0
0
0
0.745990753173828
0
0
0.820389688014984
1
0
0
0
0
0
0
0
0
0
0
0.775661468505859
0
0
0
0
0
0
0
0
0
0
0
0
0
0
0
0
0
0
0
0
0.847090065479279
0.737591147422791
0
0
0
0
0
0
0
