0
0
0
0
0
0
0
0
0
0
0
0
0
0
0.786321222782135
0
0
0
0
0
0
0
1
0
0
0
0
0
0
0
0
0
0
0
0
0
0
0
0
0
0
0
0
0
0
0
0
0
0
0
0
0
0
0
0
0
0
0
0
0
0
0
0
0
0
0
0.584587335586548
0
0
0
0
0
0
0
0
0.693828761577606
0
0
0
0
0
0
0
0
0
0
0
0
0
0
0
0
0
0
0
0
0
0
0
0
0
0
0
0
0
0
0
0
0
0
0
0
0
0
0
0
0
0
0
0
0
0
0
0
0
0
0
0
0.584135472774506
0
0
0
0
0
0
0
0
0
0
0
0
0
0
0
0
0
0.564095020294189
0
0
0
0.672240257263184
0
0
0.596395909786224
0
0
0
0
0
0
0
0
0.583518862724304
0
0
0
0.814052581787109
0
0
0
0
0
0
0
0
0
0
0
0
0
0
0
0
0
0
0
0
0
0
0
0
0
0
0
0
0
0
0
0
0
0
0
0
0
0.688104510307312
0
0
0
0.668657004833221
0
0
0
0
0
0
0
0
0
0.787090659141541
0
0
0
0
0
0
0
0
0
0
0
0
0
0
0
0
0
0
0
0
0
0
0
0
0
0
0
0
0
0
0
0
0
0
0
0.806234955787659
0
0
0
0
0
0
0
0
0
0
0
0
0
0
0
0
0
0
0
0
0
0
0
0
0
0
0
0
0
0
0
0
0
0
0
0
0
0
0
0
0
0
0
0
0.723132789134979
0
0
0
0
0
0
0
0
0
0.62837952375412
0
0
0
0
0.669536530971527
0
0
0
0
0
0
0
0
0
0
0
0
0
0
0
0
0
0
0
0.632084846496582
0
0
0
0
0
0.628343999385834
0
0
0
0
0
0
0
0
0
0
0
0
0
0
0
0
0
0.677201509475708
0
