0
0
0
0
0
0
0
0.907171905040741
0
0
0
0
0
0
0.899003148078918
0
0
0
0
0
0
0
0
0
0
0
0
0
0
0
0
0
0
0
0
0
0
0
0
0
0
0
0.861128985881805
0
0
0
0
0
0
0
0
0
0
0
0
0
0
0
0
0
0
0
0
0
0
0
0
0
0
0
0
0
0
0
0
0
0
0
0
0.831587672233582
0
0.754214823246002
0
0
0
0
0
0
0
0
0
0
0
0
0
0
0
0
0.741422653198242
0
0
0
0
0
0
0
0
0
0
0
0
0
0
0
0
0
0
0
0
0
0
0
0
0
0
0
0
0.748049855232239
0
0
0
0
0
0
0
0
0
0
0
0.741961240768433
0
0
0
0
0
0
0
0
0
0
0
0
0
0
0
0
0
0
0
0
0
0
0
0
0
0
0
0
0
0
0
0
0
0
0
0
0
0
0
0
0
0
0
0
0
0.746136903762817
0
0
0
0
0
0
0
0.807263493537903
0
0
0
0
0
0
0
0
0
0
0
0
0
0
0
0
0
0
0
0
0
0
0
0
0
0
0
0
0
0
1
0
0
0
0
0
0
0
0
0
0
0
0
0
0
0
0
0
0
0
0
0
0
0
0
0
0
0.759453356266022
0
0
0
0
0
0
0
0
0
0
0
0.883812785148621
0
0
0
0
0
0
0
0
0
0
0
0
0
0
0
0
0
0
0
0
0
0
0
0.759335517883301
0
0
0
0
0
0
0
0
0
0
0
0
0
0
0
0
0
0
0
0
0
0.97548246383667
0
0
0
0
0
0.73168557882309
0
0
0.758217096328735
0.996983706951141
0
0
0
0
0
0
0
0
0
0
0.752475380897522
0
0
0
0
0
0
0
0
0
0
0
0
0
0
0
0
0
0
0
0
0.764790713787079
0
0
0
0
0
0
0
0
