0
0
0
0.750094294548035
0
0
0
0.952644348144531
0
0
0
0
0
0
0
0
0
0
0
0
0
0
0
0
0
0
0
0
0
0
0
0.786808550357819
0
0
0
0
0
0
0
0
0
0
0.954223155975342
0
0
0
0
0
0
0
0
0
0
0
0
0
0
0
0
0
0
0
0
0
0
0
0
0
0.764764845371246
0
0
0
0
0
0
0
0
0
0
0.874196648597717
0
0.750817120075226
0
0
0
0
0
0
0
0
0
0
0
0
0
0
0
0
0.744545936584473
0
0
0
0
0
0
0
0
0
0
0
0
0
0
0
0
0
0
0
0
0
0
0
0
0
0
0
0
0.766507208347321
0
0
0
0
0
0
0
0
0
0
0
0.771764516830444
0
0
0
0
0
0
0
0
0
0
0
0
0
0
0
0
0
0
0
0
0
0
0
0
0
0
0
0
0
0
0
0
0
0
0
0
0
0
0
0
0
0
0
0
0
0.786594688892365
0
0
0
0
0
0
0
0
0
0
0
0
0
0
0
0
0
0
0
0
0
0
0
0
0
0
0
0
0
0
0
0
0
0
0
0
0
0
0.970032215118408
0
0
0
0
0
0
0
0
0
0
0
0
0
0
0
0
0
0
0
0
0
0
0
0
0
0
0.82381546497345
0
0
0
0
0
0
0
0
0
0
0
0.935379326343536
0
0
0
0
0
0
0
0
0
0
0
0
0
0
0
0
0
0
0
0
0
0
0
0.807804346084595
0
0
0
0
0
0
0
0
0
0
0
0
0
0
0
0
0
0
0
0
0
1
0
0
0
0
0
0
0
0
0.842839479446411
0.989007532596588
0
0
0
0
0
0
0
0
0
0
0.743897497653961
0
0
0
0
0
0
0
0
0
0
0
0
0
0
0
0
0
0
0
0
0.825117707252502
0
0
0
0
0
0
0
0
