0
0
0
0
0
0
0
0
0
0
0.206117585301399
0
0.106554612517357
0
0
0
0
0
0
0
0
0
0
0
0.131134554743767
0
0
0
0
0
0
0.0570684112608433
0
0
0
0
0
0
0
0
0
0
0
0
0
0
0
0
0
0
0
0
0
0
0
0
0
0
0
0
0
0
0
0
0
0
0
0
0
0
0
0
0
0
0
0
0.102531388401985
0
0
0
0
0
0
0
0
0
0
0.15467594563961
0
0
0
0
0
0
0
0
0
0
0
0
0
0.0762532278895378
0
0
0
0
0
0
0
0
0
0
0
0
0.12654584646225
0
0
0
0
0
0
0
0
0
0
0
0
0
0
0
0
0
0
0
0
0
0
0
0
0
0
0
0
0
0
0
0.058789923787117
0
0
0
0
0
0
0
0
0
0
0
0.184005603194237
0
0.0642292350530624
0
0
0
0
0
0
0
0
0
0
0
0
0
0
0
0.153249248862267
0
0
0
0
0
0
0
0
0
0
0
0
0
0
0
0
0
0
0
0
0
0
0
0.130166336894035
0
0
0
0
0
0.0732830241322517
0
0
0
0
0
0
0
0
0
0
0
0
0
0
0
0
0
0
0
0
0
0
0
0
0
0
0
0
0
0
0
0
0
0
0
0
0
0
0
0
0
0
0
0
0
0
0
0
0
0
0
0.0522240996360779
0
0.0892214849591255
0
0
0
0
0
0
0
0.0765844658017159
0
0
0
0
0
0
0
0
0
0
0
0
0
0
0
0
0
0
0
0
0
0
0
0
0
0
0
0
0
0
0
0
0
0
0
0
0
0
0
0
0
0
0
0
0
0
0
0
0
0
0
0
0
0
0
0
0
0
0
0
0
0
0
0.0414726324379444
0
0
0
0
0
0
0
0
0
0
0
0
0.135987982153892
0
0
0
0
0
0
0
0
0
0
0
0.126128926873207
0
0
