0
0
0
0
0
0.102187417447567
0
0
0
0
0
0
0.0935533419251442
0
0
0
0
0
0
0
0
0
0
0
0.0751447603106499
0
0
0
0
0
0.156074315309525
0
0
0
0
0
0
0
0
0
0
0
0
0
0
0
0
0
0
0
0
0
0
0
0
0
0
0.0791812464594841
0
0
0
0
0
0
0
0
0.107471466064453
0
0
0
0
0
0
0
0
0
0
0
0
0
0
0
0
0
0
0
0
0
0
0
0
0
0
0
0.133192732930183
0
0
0
0
0
0
0.125000327825546
0
0
0
0
0
0
0
0
0
0
0
0
0
0
0
0
0
0
0
0
0
0
0
0
0
0
0
0
0
0
0
0
0
0
0
0
0
0
0.0734555870294571
0
0
0
0
0
0
0
0
0
0
0
0
0
0
0
0
0
0.0649842619895935
0
0.0782100483775139
0
0
0
0
0
0
0
0
0
0
0
0
0
0
0
0
0
0
0
0
0
0
0
0
0
0
0
0
0
0
0
0
0
0
0
0
0
0
0
0.154595717787743
0
0
0
0
0
0
0
0
0
0
0
0
0
0
0
0
0
0
0
0
0
0
0
0
0
0
0
0
0
0
0
0
0
0
0
0
0
0
0.112889766693115
0
0
0
0
0
0
0
0
0
0
0.0661081075668335
0
0
0
0
0
0
0
0.0903047695755959
0
0.0871901139616966
0
0
0
0
0
0
0
0
0
0
0
0
0
0
0
0
0
0
0
0.143324717879295
0
0
0
0
0
0
0
0
0
0
0
0
0
0
0
0
0
0
0
0
0
0
0
0
0
0
0
0
0
0
0
0
0
0
0
0
0
0
0
0
0
0
0
0
0.0598904676735401
0
0
0
0
0
0
0
0
0
0
0
0
0
0
0
0
0
0
0
0.141731664538384
0
0
0
0
0
0
0
0
0.0595534220337868
0
0
0
0
0
