3.670064210891723633e-01
1.765766181051731110e-02
2.014367282390594482e-01
3.038094341754913330e-01
5.863805413246154785e-01
2.428946495056152344e-01
1.162586510181427002e-01
2.783425450325012207e-01
3.269000649452209473e-01
5.054804682731628418e-02
2.915145456790924072e-01
5.727066472172737122e-02
5.234640240669250488e-01
1.411153823137283325e-01
6.851673126220703125e-01
3.300850987434387207e-01
1.169772371649742126e-01
1.649282425642013550e-01
2.953566014766693115e-01
9.295169264078140259e-02
2.096840590238571167e-01
2.054989486932754517e-01
1.000000000000000000e+00
3.930065631866455078e-01
1.669356226921081543e-01
9.432581812143325806e-02
1.496236175298690796e-01
2.368213832378387451e-01
3.978514969348907471e-01
1.683406345546245575e-02
1.615264713764190674e-01
5.373899936676025391e-01
1.353505849838256836e-01
4.753471910953521729e-01
1.652238704264163971e-02
4.499592185020446777e-01
3.728666901588439941e-02
3.434806764125823975e-01
1.241000592708587646e-01
3.507989048957824707e-01
3.090914189815521240e-01
3.167977929115295410e-01
3.179875314235687256e-01
3.610932528972625732e-01
3.974415957927703857e-01
9.314824640750885010e-02
3.840930163860321045e-01
2.338439375162124634e-01
1.892352998256683350e-01
1.466299146413803101e-01
7.972420752048492432e-02
2.601722478866577148e-01
1.487364172935485840e-01
3.900524079799652100e-01
3.846657574176788330e-01
2.788897156715393066e-01
2.833822965621948242e-01
8.349000662565231323e-02
3.554005920886993408e-01
9.853980690240859985e-02
1.218144819140434265e-01
3.352050483226776123e-01
4.359460175037384033e-01
3.961950838565826416e-01
4.182471930980682373e-01
4.837085008621215820e-01
5.460357666015625000e-01
3.684598952531814575e-02
9.582653641700744629e-02
5.536425113677978516e-01
4.769962728023529053e-01
3.738965094089508057e-01
3.039343059062957764e-01
6.173876523971557617e-01
3.814142644405364990e-01
6.049260497093200684e-01
2.345927655696868896e-01
1.834143511950969696e-02
1.482332050800323486e-01
3.224215209484100342e-01
4.624085426330566406e-01
4.472143352031707764e-01
3.698495626449584961e-01
5.237368345260620117e-01
4.755076766014099121e-01
1.325548738241195679e-01
4.987494051456451416e-01
2.350000739097595215e-01
8.993061631917953491e-02
1.048393994569778442e-01
8.224640041589736938e-02
3.039791285991668701e-01
1.113463342189788818e-01
6.311491131782531738e-01
2.098439037799835205e-01
1.512465029954910278e-01
1.207731738686561584e-01
1.038917973637580872e-01
5.163881182670593262e-01
4.161749780178070068e-01
2.052651494741439819e-01
2.555713951587677002e-01
9.418319910764694214e-02
1.478274315595626831e-01
9.919356554746627808e-03
2.493055164813995361e-01
6.317452341318130493e-02
5.174471735954284668e-01
3.389581143856048584e-01
1.004386767745018005e-01
4.187457263469696045e-02
6.788709014654159546e-02
1.843066811561584473e-01
4.058123528957366943e-01
1.467876285314559937e-01
1.151751950383186340e-01
4.319019317626953125e-01
8.890407532453536987e-02
2.906453311443328857e-01
4.034779369831085205e-01
2.804882824420928955e-01
5.074559450149536133e-01
3.404504954814910889e-01
2.857891917228698730e-01
1.110916584730148315e-01
7.174067944288253784e-02
9.590592980384826660e-02
1.692679077386856079e-01
6.786139607429504395e-01
6.074805855751037598e-01
8.435431867837905884e-02
4.150446057319641113e-01
2.709767222404479980e-01
1.243139505386352539e-01
1.571014672517776489e-01
3.566111922264099121e-01
9.931504726409912109e-02
2.171818353235721588e-02
1.522183716297149658e-01
3.974208980798721313e-02
2.065409123897552490e-01
1.109629869461059570e-01
5.830619335174560547e-01
3.519634604454040527e-01
2.640769779682159424e-01
1.908292025327682495e-01
6.078147292137145996e-01
2.919827103614807129e-01
3.337982892990112305e-01
2.573104798793792725e-01
7.544571161270141602e-01
1.549248844385147095e-01
2.954276092350482941e-02
6.781890392303466797e-01
8.788641542196273804e-02
2.094968408346176147e-01
1.148909926414489746e-01
2.087662927806377411e-02
8.676786907017230988e-03
9.470207244157791138e-02
4.530223552137613297e-03
1.934234797954559326e-02
5.724105834960937500e-01
1.878075301647186279e-01
1.409383583813905716e-02
3.031943552196025848e-02
7.632988095283508301e-01
7.036370784044265747e-02
8.202340453863143921e-02
5.069451332092285156e-01
1.918125152587890625e-01
6.038353312760591507e-03
1.666319072246551514e-01
3.515188097953796387e-01
5.450694262981414795e-02
2.056985646486282349e-01
3.118174970149993896e-01
7.453345507383346558e-02
1.250771433115005493e-01
6.991292536258697510e-02
1.472526788711547852e-01
1.518050730228424072e-01
1.858068406581878662e-01
4.314948320388793945e-01
2.226524353027343750e-01
6.636923551559448242e-01
2.429939210414886475e-01
2.139003276824951172e-01
3.923532366752624512e-01
1.634710095822811127e-02
4.052629768848419189e-01
1.802643062546849251e-03
3.157441616058349609e-01
3.706597983837127686e-01
1.054404675960540771e-01
1.714945770800113678e-02
8.451656252145767212e-02
4.199230670928955078e-01
5.692439526319503784e-02
2.345058321952819824e-01
7.645496726036071777e-02
1.838694214820861816e-01
3.335882127285003662e-01
2.697851359844207764e-01
5.533136725425720215e-01
2.578292191028594971e-01
2.009685933589935303e-01
6.200317293405532837e-02
7.115919589996337891e-01
4.210926294326782227e-01
4.612711966037750244e-01
3.054897189140319824e-01
2.739799320697784424e-01
1.170029565691947937e-01
1.182205695658922195e-02
8.393807709217071533e-02
1.470285803079605103e-01
1.146927848458290100e-01
7.805868983268737793e-01
2.483970820903778076e-01
4.800733029842376709e-01
3.535197675228118896e-01
3.930310606956481934e-01
1.417324542999267578e-01
0.000000000000000000e+00
4.225907027721405029e-01
5.844433307647705078e-01
1.916475966572761536e-02
2.756958901882171631e-01
3.752214014530181885e-01
4.772585928440093994e-01
3.186433911323547363e-01
3.500511348247528076e-01
4.859028458595275879e-01
2.897855043411254883e-01
2.670222818851470947e-01
3.260757923126220703e-01
5.088176131248474121e-01
6.865165662020444870e-03
1.014512777328491211e-01
1.529182195663452148e-01
3.279291093349456787e-01
2.782840132713317871e-01
4.257682859897613525e-01
1.671002507209777832e-01
2.201606482267379761e-01
8.131610602140426636e-02
4.086255654692649841e-02
2.606270015239715576e-01
3.750302493572235107e-01
3.558363914489746094e-01
4.485279917716979980e-01
1.719716191291809082e-01
3.401679396629333496e-01
8.546146750450134277e-01
2.836647629737854004e-01
1.017284393310546875e-01
4.803769588470458984e-01
2.857077717781066895e-01
4.414294380694627762e-03
5.446264147758483887e-01
8.998078107833862305e-02
5.340948104858398438e-01
4.486896470189094543e-02
1.091830208897590637e-01
4.851357266306877136e-02
1.166091188788414001e-01
1.591030657291412354e-01
4.496724307537078857e-01
2.166877090930938721e-01
2.477025240659713745e-01
9.074967354536056519e-02
2.216164469718933105e-01
8.107116445899009705e-03
3.208971619606018066e-01
8.064904250204563141e-04
1.955905854701995850e-01
9.889221936464309692e-02
1.733486540615558624e-02
4.501325190067291260e-01
1.856114119291305542e-01
1.560280025005340576e-01
3.161421418190002441e-01
2.637738585472106934e-01
1.558706760406494141e-01
8.642600476741790771e-02
3.648553490638732910e-01
2.876216769218444824e-01
3.838767409324645996e-01
4.494021087884902954e-02
2.685210108757019043e-01
2.429916709661483765e-01
2.709091901779174805e-01
5.349803566932678223e-01
1.321930587291717529e-01
1.720869690179824829e-01
6.582309305667877197e-02
1.981571614742279053e-01
3.794790506362915039e-01
6.534917950630187988e-01
2.630766630172729492e-01
4.804077558219432831e-03
1.020836085081100464e-01
5.673274993896484375e-01
2.012782394886016846e-01
2.266632765531539917e-01
7.522648572921752930e-02
2.254767268896102905e-01
5.072559118270874023e-01
6.799142956733703613e-01
4.252079725265502930e-01
1.837937831878662109e-01
2.688999772071838379e-01
3.570784330368041992e-01
5.806477665901184082e-01
3.446384370326995850e-01
1.202326789498329163e-01
1.233725249767303467e-01
6.480361819267272949e-01
7.364903390407562256e-02
2.263299822807312012e-01
1.487027201801538467e-02
4.945347309112548828e-01
1.064919587224721909e-02
5.088921263813972473e-02
4.060959815979003906e-01
6.828574091196060181e-02
1.626490801572799683e-01
3.928251564502716064e-02
3.377204537391662598e-01
3.369878232479095459e-01
6.281521171331405640e-03
4.787175953388214111e-01
3.255198001861572266e-01
7.053102254867553711e-01
3.161299824714660645e-01
3.714608959853649139e-03
1.377608776092529297e-01
2.515886127948760986e-01
4.178052544593811035e-01
6.581286787986755371e-01
1.026457082480192184e-02
2.250303477048873901e-01
3.814187943935394287e-01
3.768505752086639404e-01
2.703711390495300293e-01
2.150599956512451172e-01
1.980577036738395691e-02
1.918222457170486450e-01
3.340632617473602295e-01
8.024623245000839233e-02
5.689502358436584473e-01
1.396474540233612061e-01
5.430118441581726074e-01
1.211069077253341675e-01
4.105458855628967285e-01
5.921987295150756836e-01
1.930961906909942627e-01
6.864684224128723145e-01
1.668588966131210327e-01
