3.220921158790588379e-01
3.543238043785095215e-01
1.298642754554748535e-01
2.734265029430389404e-01
4.643204212188720703e-01
3.701637685298919678e-01
2.027593106031417847e-01
2.071308642625808716e-01
5.377925038337707520e-01
3.825023472309112549e-01
4.672884643077850342e-01
1.426293551921844482e-01
5.769876241683959961e-01
3.459364548325538635e-02
6.169410943984985352e-01
2.665155231952667236e-01
1.820728033781051636e-01
3.318904042243957520e-01
3.127984404563903809e-01
2.861506864428520203e-02
3.050777912139892578e-01
4.941532909870147705e-01
9.058401584625244141e-01
5.351847410202026367e-01
1.657708287239074707e-01
2.699937820434570312e-01
2.449022419750690460e-02
4.276108741760253906e-01
5.926665663719177246e-02
1.589633971452713013e-01
1.439189165830612183e-02
4.071410000324249268e-01
8.890933543443679810e-02
7.123635411262512207e-01
1.436976045370101929e-01
6.925100684165954590e-01
3.444049954414367676e-01
4.567511081695556641e-01
2.540261447429656982e-01
4.512887001037597656e-01
3.620767593383789062e-01
4.090028703212738037e-01
5.726187229156494141e-01
7.932152152061462402e-01
5.143840909004211426e-01
7.736720889806747437e-02
2.273674905300140381e-01
2.315645962953567505e-01
2.715274393558502197e-01
1.305963546037673950e-01
1.181621775031089783e-01
4.567258059978485107e-01
8.687205612659454346e-02
5.070690512657165527e-01
2.443198859691619873e-01
4.806348681449890137e-01
5.192282795906066895e-01
2.756294608116149902e-01
5.739766359329223633e-01
4.275231361389160156e-01
5.949318408966064453e-01
6.810907721519470215e-01
7.074043154716491699e-01
3.861016631126403809e-01
1.835647076368331909e-01
5.871664881706237793e-01
4.740990698337554932e-01
2.048973888158798218e-01
1.577400714159011841e-01
6.429345011711120605e-01
6.057291626930236816e-01
4.082563817501068115e-01
3.281702995300292969e-01
6.711922287940979004e-01
2.286281138658523560e-01
4.841977953910827637e-01
1.008416861295700073e-01
1.433686465024948120e-01
2.798254191875457764e-01
3.875820636749267578e-01
5.650718212127685547e-01
3.225223720073699951e-01
2.807888388633728027e-01
6.587934494018554688e-01
4.752458333969116211e-01
1.707630455493927002e-01
4.918069839477539062e-01
9.605500102043151855e-02
2.255110144615173340e-01
1.306059956550598145e-01
1.718565821647644043e-01
9.487209469079971313e-02
2.481151521205902100e-01
9.048477411270141602e-01
2.792192697525024414e-01
2.160117030143737793e-01
5.288642048835754395e-01
2.044778466224670410e-01
7.427652478218078613e-01
2.685512304306030273e-01
6.828778237104415894e-02
1.630147546529769897e-01
2.783302962779998779e-01
1.126840934157371521e-01
4.030104726552963257e-03
5.083398818969726562e-01
1.920118182897567749e-01
4.920192062854766846e-01
6.915179491043090820e-01
0.000000000000000000e+00
1.385984420776367188e-01
1.860702633857727051e-01
1.305087506771087646e-01
3.968107998371124268e-01
6.404311656951904297e-01
2.172823436558246613e-02
6.259492039680480957e-01
8.039785176515579224e-02
3.067297935485839844e-01
6.449893116950988770e-01
3.167167603969573975e-01
6.216262578964233398e-01
3.960669040679931641e-01
2.678369916975498199e-02
9.820687025785446167e-02
1.592979282140731812e-01
2.562778890132904053e-01
3.709017038345336914e-01
5.761408805847167969e-01
7.443467378616333008e-01
2.000631839036941528e-01
5.245744585990905762e-01
4.352318346500396729e-01
2.665954530239105225e-01
4.318973422050476074e-02
3.160490095615386963e-01
4.943133294582366943e-01
2.180680446326732635e-02
1.188266649842262268e-01
5.478018894791603088e-02
1.146987974643707275e-01
1.526645272970199585e-01
7.693374752998352051e-01
4.741077125072479248e-01
4.342146217823028564e-01
3.173502087593078613e-01
6.303487420082092285e-01
1.315250527113676071e-02
5.206106305122375488e-01
1.942469477653503418e-01
8.128884434700012207e-01
1.335326433181762695e-01
1.422768738120794296e-02
5.169833898544311523e-01
2.769466638565063477e-01
3.598560988903045654e-01
2.934348210692405701e-02
7.628967612981796265e-02
2.633499214425683022e-03
1.765669137239456177e-01
6.863526999950408936e-02
1.487398296594619751e-01
5.906024575233459473e-01
4.685547575354576111e-02
4.016923606395721436e-01
2.205916792154312134e-01
5.828565955162048340e-01
1.584630310535430908e-01
3.167676180601119995e-02
4.853170216083526611e-01
2.314128428697586060e-01
2.725423872470855713e-01
2.757129371166229248e-01
3.534320592880249023e-01
3.321255743503570557e-02
5.653674006462097168e-01
4.544745385646820068e-01
9.355789422988891602e-02
4.024507999420166016e-01
6.779410690069198608e-02
5.540307983756065369e-02
3.772838413715362549e-01
3.202047049999237061e-01
3.141429126262664795e-01
1.592645198106765747e-01
6.336830854415893555e-01
3.370550870895385742e-01
3.089117109775543213e-01
1.217973083257675171e-01
1.355313807725906372e-01
3.101630508899688721e-01
2.918482124805450439e-01
7.517734169960021973e-01
5.032215118408203125e-01
9.916100651025772095e-02
1.929937452077865601e-01
3.996050655841827393e-01
5.298799276351928711e-01
2.573632597923278809e-01
3.863568902015686035e-01
1.835805326700210571e-01
2.150272727012634277e-01
3.364300727844238281e-01
6.143751144409179688e-01
6.926030516624450684e-01
5.070649981498718262e-01
1.952677667140960693e-01
1.349679529666900635e-01
1.000000000000000000e+00
7.092443704605102539e-01
6.330391168594360352e-01
4.343617856502532959e-01
1.218350380659103394e-01
4.395357668399810791e-01
1.906299889087677002e-01
2.209386974573135376e-01
5.082402825355529785e-01
3.339329361915588379e-02
9.057896733283996582e-01
2.472289502620697021e-01
5.935491919517517090e-01
2.557742781937122345e-02
6.641496419906616211e-01
2.262313514947891235e-01
2.543035149574279785e-01
4.687905609607696533e-01
4.618544876575469971e-01
3.420308232307434082e-01
5.494638681411743164e-01
4.272378385066986084e-01
2.436039596796035767e-01
4.526418447494506836e-01
3.475106060504913330e-01
2.515673935413360596e-01
3.306306600570678711e-01
2.571482956409454346e-01
2.641033530235290527e-01
5.819991230964660645e-01
3.417339324951171875e-01
2.377745360136032104e-01
3.047741055488586426e-01
5.156900882720947266e-01
6.577076911926269531e-01
4.704821109771728516e-01
2.332131192088127136e-02
3.320864439010620117e-01
2.459305711090564728e-02
3.219276666641235352e-01
6.103224158287048340e-01
5.982370376586914062e-01
4.242527484893798828e-01
3.659357428550720215e-01
2.220138907432556152e-01
6.290320158004760742e-01
9.389298558235168457e-01
5.712170600891113281e-01
2.100156694650650024e-01
4.017195403575897217e-01
3.443264365196228027e-01
5.028817057609558105e-02
5.993614196777343750e-01
6.033272668719291687e-02
6.378566026687622070e-01
6.159247364848852158e-03
1.697892844676971436e-01
1.742794364690780640e-02
2.526944875717163086e-02
3.926350474357604980e-01
4.530352056026458740e-01
9.891405701637268066e-02
3.898855447769165039e-01
8.624742925167083740e-02
5.128679275512695312e-01
2.572281658649444580e-01
4.197678565979003906e-01
1.179974153637886047e-01
4.185421466827392578e-01
4.428181052207946777e-01
5.805676579475402832e-01
1.937910318374633789e-01
1.600635945796966553e-01
3.283039629459381104e-01
1.894734948873519897e-01
2.535898089408874512e-01
2.693032920360565186e-01
6.697599310427904129e-03
4.010458886623382568e-01
3.778345882892608643e-01
6.078091263771057129e-01
6.218048185110092163e-02
4.555822014808654785e-01
3.868194520473480225e-01
3.892501816153526306e-02
5.798729062080383301e-01
1.493514031171798706e-01
1.471385359764099121e-02
2.035745978355407715e-01
2.255855202674865723e-01
2.890753746032714844e-01
8.893829584121704102e-01
1.718375384807586670e-01
5.951056480407714844e-01
2.655728757381439209e-01
8.354423046112060547e-01
2.489184141159057617e-01
1.441598385572433472e-01
5.978288501501083374e-02
1.132860407233238220e-01
5.377794504165649414e-01
6.659011244773864746e-01
4.346600472927093506e-01
3.582634925842285156e-01
3.317362666130065918e-01
5.636859685182571411e-02
8.596531748771667480e-01
4.601067602634429932e-01
3.944065049290657043e-02
9.617979638278484344e-03
8.088677525520324707e-01
5.051174759864807129e-02
1.977723538875579834e-01
6.110858544707298279e-02
4.777579307556152344e-01
4.736422002315521240e-02
3.320591747760772705e-01
6.824328899383544922e-01
3.185712918639183044e-02
1.551227271556854248e-01
5.271350741386413574e-01
2.294538319110870361e-01
4.899849593639373779e-01
1.049459129571914673e-01
2.588485181331634521e-01
4.979858398437500000e-01
7.700232863426208496e-01
5.733144879341125488e-01
1.123527735471725464e-01
5.566494464874267578e-01
5.539358854293823242e-01
4.617064893245697021e-01
7.262491434812545776e-02
3.456214666366577148e-01
2.705168426036834717e-01
4.084091484546661377e-01
5.194862484931945801e-01
5.052865743637084961e-01
1.561434566974639893e-01
2.248361408710479736e-01
4.199121147394180298e-02
2.593311667442321777e-01
2.189812064170837402e-02
6.358104944229125977e-01
7.501953840255737305e-02
5.666460394859313965e-01
1.183297336101531982e-01
8.477574586868286133e-01
6.775351762771606445e-01
3.424531221389770508e-01
7.364930510520935059e-01
3.456194996833801270e-01
