-1.167169883847236633e-01
2.548582851886749268e-01
-4.342367872595787048e-02
4.877995699644088745e-02
1.598038673400878906e-01
1.021831482648849487e-01
-5.994008854031562805e-02
-1.839448362588882446e-01
2.877972126007080078e-01
1.542195677757263184e-01
-2.481698840856552124e-01
-2.806489467620849609e-01
8.881753310561180115e-03
1.989759504795074463e-02
5.028260126709938049e-02
1.575683057308197021e-01
-1.045079901814460754e-01
-1.647001057863235474e-01
-2.104897648096084595e-01
-1.879539191722869873e-01
2.437604665756225586e-01
2.231141775846481323e-01
-2.939727604389190674e-01
-1.650373041629791260e-01
-1.955146491527557373e-01
9.358070790767669678e-02
4.063061438500881195e-03
-1.208390593528747559e-01
3.522870317101478577e-02
2.184040993452072144e-01
-2.548508048057556152e-01
-2.153236120939254761e-01
3.536685705184936523e-01
-1.309400424361228943e-02
2.807502746582031250e-01
1.943821609020233154e-01
-3.844676539301872253e-02
1.016505658626556396e-01
1.553256660699844360e-01
1.498619914054870605e-01
1.181533485651016235e-01
1.307493001222610474e-01
-1.984017789363861084e-01
-9.392829239368438721e-02
4.216314107179641724e-02
-2.928981482982635498e-01
-5.520568788051605225e-02
9.665818512439727783e-02
1.721999198198318481e-01
2.840948477387428284e-02
-1.035106107592582703e-01
-1.330019235610961914e-01
7.992396503686904907e-02
2.799961566925048828e-01
6.447243690490722656e-02
4.053633287549018860e-02
-9.721621870994567871e-02
2.044533044099807739e-01
2.116765230894088745e-01
4.042389988899230957e-02
2.118660658597946167e-01
1.738474220037460327e-01
-1.340482980012893677e-01
-1.573283374309539795e-01
2.558614611625671387e-01
1.602634787559509277e-01
1.596329957246780396e-01
2.087351381778717041e-01
-1.437994092702865601e-01
1.709245294332504272e-01
-3.959657996892929077e-02
5.745859146118164062e-01
9.795624762773513794e-02
-3.829620480537414551e-01
-6.586153991520404816e-03
1.141169667243957520e-01
5.454385876655578613e-01
5.540245026350021362e-02
1.250661164522171021e-01
-2.171929180622100830e-01
-2.554078996181488037e-01
6.608259677886962891e-02
-1.994992345571517944e-01
1.228226050734519958e-01
-1.640933901071548462e-01
1.655983626842498779e-01
5.245544761419296265e-02
-2.481892704963684082e-02
3.781710565090179443e-02
2.512975223362445831e-02
2.547382749617099762e-02
4.792681336402893066e-02
-1.008722111582756042e-01
1.518634147942066193e-02
1.551790349185466766e-02
-2.264997921884059906e-02
5.004489049315452576e-02
7.978614419698715210e-03
-1.770011335611343384e-02
2.020075917243957520e-02
-1.107941009104251862e-02
-1.039668098092079163e-01
6.499389559030532837e-02
1.741867139935493469e-02
-1.253913342952728271e-01
-8.209204673767089844e-02
2.369116805493831635e-02
-7.153892517089843750e-02
-6.199536472558975220e-02
-2.503938786685466766e-02
5.996434763073921204e-02
9.914290159940719604e-03
-1.407597027719020844e-02
2.824443206191062927e-02
1.011037919670343399e-02
-1.912937611341476440e-01
-4.592622071504592896e-02
1.305358856916427612e-02
2.438721805810928345e-01
-2.680916571989655495e-03
7.639129459857940674e-02
-8.202858269214630127e-02
2.327341958880424500e-02
2.172936499118804932e-02
1.594944857060909271e-02
-6.877397745847702026e-02
-4.382007941603660583e-02
-1.393025740981101990e-02
-2.347633615136146545e-02
3.359377384185791016e-02
4.946139082312583923e-02
2.031273953616619110e-02
-1.312487851828336716e-02
-4.982167389243841171e-03
-5.823984369635581970e-02
-4.001860320568084717e-02
-9.396334737539291382e-02
6.375851482152938843e-02
1.205163821578025818e-02
-1.928327232599258423e-01
-4.695638548582792282e-03
3.114002570509910583e-02
2.238047681748867035e-02
-4.017669707536697388e-02
2.739887684583663940e-02
2.263422161340713501e-01
-5.416217073798179626e-02
1.262291520833969116e-01
4.542059078812599182e-02
-2.313034422695636749e-02
-9.542728960514068604e-02
-5.337028298527002335e-03
2.665894664824008942e-02
2.155756950378417969e-02
1.083856448531150818e-01
1.115215755999088287e-02
-8.358039706945419312e-02
8.611851930618286133e-02
1.350618340075016022e-02
4.109695553779602051e-02
-7.345512509346008301e-02
-1.268871314823627472e-02
4.969897493720054626e-02
-7.503534667193889618e-03
-1.190505921840667725e-02
-5.281265825033187866e-03
-1.225148513913154602e-02
1.372616365551948547e-02
-4.536238685250282288e-02
-3.847812116146087646e-02
4.540981352329254150e-02
-1.459482032805681229e-02
9.010791033506393433e-02
5.406777560710906982e-02
-1.045389007776975632e-02
4.899656400084495544e-02
2.346073463559150696e-02
-2.538291551172733307e-02
-1.287945359945297241e-01
-5.316170677542686462e-02
1.244473680853843689e-01
-5.998724699020385742e-01
-1.417463064193725586e+00
2.164622247219085693e-01
-2.432246357202529907e-01
1.907073855400085449e-01
1.174388639628887177e-02
7.055444717407226562e-01
-1.677754670381546021e-01
3.196912705898284912e-01
4.900204837322235107e-01
3.141725063323974609e-01
-2.126337140798568726e-01
3.031621873378753662e-01
-8.251255750656127930e-01
8.395849466323852539e-01
-1.704104393720626831e-01
-7.049072533845901489e-02
4.017961621284484863e-01
-8.940739035606384277e-01
2.866087555885314941e-01
6.011596694588661194e-02
1.650454476475715637e-02
6.255760788917541504e-01
-1.865060031414031982e-01
-7.416226267814636230e-01
-1.662969738245010376e-01
1.070432141423225403e-01
2.051414698362350464e-01
6.572279334068298340e-02
3.053143024444580078e-01
3.803348913788795471e-02
-6.364404559135437012e-01
1.615485250949859619e-01
3.840845525264739990e-01
1.315089911222457886e-01
1.738201677799224854e-01
6.666944921016693115e-02
1.265800297260284424e-01
3.104559183120727539e-01
-4.150237143039703369e-01
-1.645372658967971802e-01
-2.030986249446868896e-01
4.087921082973480225e-01
1.327604532241821289e+00
6.759238839149475098e-01
4.292183220386505127e-01
-3.330602347850799561e-01
9.927589297294616699e-01
-6.674794554710388184e-01
2.876343429088592529e-01
-1.960394717752933502e-02
-1.405328661203384399e-01
3.947269916534423828e-01
-4.154295325279235840e-01
-2.554115951061248779e-01
5.582269653677940369e-02
2.753283977508544922e-01
1.376535892486572266e-01
-5.568988323211669922e-01
5.369290709495544434e-01
-7.328027486801147461e-01
4.401334747672080994e-02
-7.249830365180969238e-01
-2.168442681431770325e-02
-1.487362235784530640e-01
-4.443972110748291016e-01
5.386273860931396484e-01
-5.449285507202148438e-01
2.587969899177551270e-01
-7.605887949466705322e-02
9.085300564765930176e-01
-2.242832779884338379e-01
-2.633230090141296387e-01
-4.211842119693756104e-01
5.121990572661161423e-03
5.200588107109069824e-01
7.070390582084655762e-01
2.430327981710433960e-01
7.378745824098587036e-02
-6.083856225013732910e-01
4.059132039546966553e-01
-3.355503380298614502e-01
6.208519339561462402e-01
2.876027226448059082e-01
2.962964475154876709e-01
-1.780223846435546875e-02
2.458122819662094116e-01
1.769119203090667725e-01
4.230407625436782837e-02
1.128453314304351807e-01
2.575024962425231934e-01
1.405018717050552368e-01
-1.052906587719917297e-01
6.443925499916076660e-01
3.634460568428039551e-01
5.391814112663269043e-01
-3.153613805770874023e-01
-4.375513643026351929e-02
-1.522892415523529053e-01
3.772166743874549866e-02
8.531847968697547913e-03
3.889857232570648193e-01
2.936680912971496582e-01
-1.102070659399032593e-01
-5.260671973228454590e-01
-1.768650859594345093e-01
6.946787238121032715e-02
2.772023677825927734e-01
-1.940394043922424316e-01
-1.034832596778869629e-01
1.863894313573837280e-01
1.834064349532127380e-02
4.784676432609558105e-01
-3.100343644618988037e-01
-2.266616076231002808e-01
-8.620959520339965820e-02
2.064609825611114502e-01
3.224750459194183350e-01
3.975927233695983887e-01
7.882387638092041016e-01
1.619522571563720703e-01
6.069387793540954590e-01
7.388235926628112793e-01
1.652403473854064941e-01
4.005356505513191223e-02
1.872222721576690674e-01
1.077019929885864258e+00
-6.431223452091217041e-02
1.034168619662523270e-02
-2.744396626949310303e-01
-4.577737748622894287e-01
4.172945395112037659e-03
-5.805609822273254395e-01
-4.473176598548889160e-01
5.289541482925415039e-01
-2.582763135433197021e-01
3.200486302375793457e-01
1.444548815488815308e-01
-3.510552644729614258e-01
-8.687246590852737427e-03
3.084330633282661438e-02
1.557053476572036743e-01
4.729298502206802368e-02
-1.167191192507743835e-01
8.403107523918151855e-02
-3.670818507671356201e-01
1.666377112269401550e-02
1.082036197185516357e-01
-1.854764074087142944e-01
-2.912811934947967529e-01
2.824958860874176025e-01
1.111275777220726013e-01
-1.687015146017074585e-01
-2.033857703208923340e-01
-3.377161920070648193e-03
3.648098707199096680e-01
1.798265874385833740e-01
1.614459306001663208e-01
2.602973282337188721e-01
-1.160365343093872070e-01
2.845122218132019043e-01
1.701389849185943604e-01
7.349980622529983521e-02
-7.468110322952270508e-02
1.716610342264175415e-01
1.672619432210922241e-01
-1.148951426148414612e-01
1.571195125579833984e-01
-3.921346962451934814e-01
-1.016583889722824097e-01
-5.281335711479187012e-01
-7.522879838943481445e-01
4.165015816688537598e-01
-2.383782416582107544e-01
-6.195865571498870850e-02
-3.738638758659362793e-01
-1.831409931182861328e-01
-2.763525210320949554e-02
-7.241404056549072266e-02
