-8.384827524423599243e-04
6.930986884981393814e-03
1.593782071722671390e-04
4.636765923351049423e-03
5.958048701286315918e-01
6.983035802841186523e-01
3.453949093818664551e-01
-4.394503682851791382e-02
-1.814793646335601807e-01
2.282518148422241211e-01
-6.736870855093002319e-03
-6.722648162394762039e-03
-4.343526661396026611e-01
-9.747879505157470703e-01
-1.708616495132446289e+00
1.130495729739777744e-05
-1.676307320594787598e-01
3.882051445543766022e-03
7.408878803253173828e-01
-2.267623841762542725e-01
3.335994854569435120e-02
7.107826881110668182e-03
1.594254747033119202e-03
-2.065147506073117256e-03
6.476420760154724121e-01
1.656057089567184448e-01
2.829049341380596161e-02
-5.700850160792469978e-04
-3.453625142574310303e-01
1.262792502529919147e-04
-2.546220719814300537e-01
1.236132606863975525e-01
-4.797871952177956700e-05
-3.610049141570925713e-03
1.974867880344390869e-01
1.872713182820007205e-04
6.534982006996870041e-03
4.947212636470794678e-01
4.859341382980346680e-01
1.617943198652938008e-04
8.169922512024641037e-04
-7.191689014434814453e-01
-7.453275322914123535e-01
3.244712715968489647e-03
-6.888507008552551270e-01
1.092973589897155762e+00
5.709973629564046860e-04
8.416134119033813477e-02
6.404104828834533691e-01
-2.450251877307891846e-01
-1.530215889215469360e-01
-1.081512868404388428e-02
3.921808600425720215e-01
6.233558524399995804e-04
4.401143814902752638e-04
-1.482902547422781936e-07
-4.123679697513580322e-01
3.003821969032287598e-01
-4.507966339588165283e-01
2.756606638431549072e-01
-3.807337284088134766e-01
-1.573578566312789917e-01
-4.196938592940568924e-03
1.964531242847442627e-01
4.529808938968926668e-05
4.662233889102935791e-01
9.315725415945053101e-02
-1.087044239044189453e+00
-9.879368590191006660e-04
8.178096413612365723e-01
-3.334832787513732910e-01
-8.386338353157043457e-01
-8.946447633206844330e-03
5.426681018434464931e-04
1.432738063158467412e-04
3.994452059268951416e-01
1.413307245456962846e-06
3.383402363397181034e-04
2.594546318054199219e+00
4.742650315165519714e-03
-2.032436989247798920e-02
-6.109614332672208548e-05
5.615486577153205872e-02
-4.542825045064091682e-04
-2.182499915361404419e-01
4.822517335414886475e-01
4.155662376433610916e-03
-1.099197790026664734e-01
1.650561213493347168e+00
5.603609606623649597e-02
-3.362169445608742535e-05
-5.644507408142089844e-01
-6.573043018579483032e-02
7.857864350080490112e-02
-4.994996823370456696e-03
-2.848804891109466553e-01
3.173110017087310553e-04
3.439225256443023682e-02
4.473643302917480469e-01
1.361708045005798340e+00
9.819008111953735352e-01
3.865443635731935501e-03
-1.608863592147827148e+00
1.243366748094558716e-01
-5.850399136543273926e-01
-2.072775550186634064e-02
-5.805367231369018555e-02
1.009510874748229980e+00
-1.245583891868591309e-01
1.047379430383443832e-02
-5.166605487465858459e-02
3.173414468765258789e-01
-2.037542639300227165e-03
2.128093391656875610e-01
-3.626596331596374512e-01
-3.138284981250762939e-01
-3.003885746002197266e-01
2.068277359008789062e+00
6.816032528877258301e-01
-8.310849666595458984e-01
-2.617901563644409180e-01
-1.289399564266204834e-01
2.059735852526500821e-04
-6.717736250720918179e-04
-1.392485499382019043e-01
4.915712475776672363e-01
3.237035274505615234e-01
-8.686576038599014282e-02
8.202653378248214722e-02
2.193970233201980591e-01
1.698205173015594482e-01
2.686699153855443001e-04
-8.536656945943832397e-02
-2.151579707860946655e-01
-7.756332159042358398e-01
3.422885783948004246e-04
4.767657443881034851e-02
1.381083279848098755e-01
4.651564359664916992e-02
5.522778034210205078e-01
9.626306891441345215e-01
7.496863254345953465e-04
7.184621095657348633e-01
1.306918859481811523e+00
7.827971130609512329e-03
2.008537650108337402e-01
1.226278185844421387e+00
6.035534664988517761e-03
2.419206686317920685e-02
1.437343962606973946e-05
3.775155246257781982e-01
6.917195916175842285e-01
-1.926289051771163940e-01
-1.490991795435547829e-03
1.452492356300354004e+00
-1.615892052650451660e-01
-3.973771817982196808e-03
7.855150699615478516e-01
-2.260808134451508522e-03
-6.969084143638610840e-01
3.555042445659637451e-01
7.153511047363281250e-01
2.182326018810272217e-01
-1.449328730814158916e-03
4.116370901465415955e-02
3.943402844015508890e-04
-3.560693189501762390e-02
-3.693966269493103027e-01
3.174980357289314270e-02
-1.023616567254066467e-01
2.641856845002621412e-04
-1.109730219468474388e-03
5.405838489532470703e-01
-6.820604801177978516e-01
-2.975709270685911179e-03
-5.021561980247497559e-01
-7.035428285598754883e-01
-9.233415722846984863e-01
-4.342212900519371033e-02
3.718238696455955505e-02
-5.887626409530639648e-01
4.912465512752532959e-01
-1.225904345512390137e+00
-1.381672220304608345e-03
-2.438739611534401774e-04
-4.162730276584625244e-01
6.369669735431671143e-02
-1.890197843313217163e-01
-2.403414063155651093e-02
2.014911500737071037e-03
1.138401031494140625e-01
1.204759478569030762e-01
4.388313367962837219e-02
-1.421224623918533325e-01
-7.892647772678174078e-06
-1.484306305646896362e-01
2.616384029388427734e-01
1.606200262904167175e-02
4.045437574386596680e-01
3.001518845558166504e-01
-4.197916090488433838e-01
-1.400739252567291260e-01
-1.153667806647717953e-03
-1.024004444479942322e-01
-3.967969492077827454e-02
1.784518063068389893e-01
1.448414683341979980e+00
-7.072390872053802013e-04
-3.015551865100860596e-01
7.480120658874511719e-02
3.214441537857055664e-01
2.721816599369049072e-01
1.022561336867511272e-03
-3.624819517135620117e-01
-1.301049292087554932e-01
6.617242842912673950e-02
-1.105917930603027344e+00
3.668214194476604462e-03
-7.045622467994689941e-01
-2.009390480816364288e-02
-3.153163197566755116e-05
-7.310152053833007812e-02
-5.199066996574401855e-01
1.103427708148956299e-01
-1.550824963487684727e-03
3.715567290782928467e-01
1.281020959140732884e-04
3.073894605040550232e-02
-2.892499268054962158e-01
4.027721285820007324e-01
1.300693606026470661e-03
6.786854863166809082e-01
-2.491550743579864502e-01
2.723459328990429640e-04
-1.003766506910324097e-01
-3.495221026241779327e-04
8.448939323425292969e-01
-7.701095938682556152e-01
-2.972301153931766748e-04
1.184202730655670166e-03
8.367426926270127296e-04
9.386816620826721191e-02
2.928532958030700684e-01
-1.407017111778259277e-01
-5.334967374801635742e-01
-7.575132697820663452e-02
6.140025258064270020e-01
-2.218729630112648010e-02
-1.672174409031867981e-02
-4.452709853649139404e-01
6.580668687820434570e-01
-1.052297069691121578e-03
3.509650196065194905e-05
-3.039247393608093262e-01
-2.837570384144783020e-03
-6.467453390359878540e-02
-2.529596984386444092e-01
-1.509792566299438477e+00
-1.609174460172653198e-01
1.859604269266128540e-01
4.820541143417358398e-01
-5.266440566629171371e-04
4.255307316780090332e-01
4.423759505152702332e-02
-3.145163878798484802e-03
-1.134587824344635010e-01
-5.714727099984884262e-03
2.105428837239742279e-02
8.493842324241995811e-04
-2.833826281130313873e-02
-4.171602800488471985e-02
6.098415469750761986e-04
-7.415162324905395508e-01
3.449987247586250305e-02
-1.345200277864933014e-02
-1.125568151473999023e+00
-5.351625441107898951e-05
-2.438213862478733063e-02
-4.866473376750946045e-01
-8.527098298072814941e-01
2.048616588581353426e-04
-4.207934252917766571e-04
4.420605003833770752e-01
9.392477869987487793e-01
1.245779514312744141e+00
-1.218867255374789238e-03
-5.935592055320739746e-01
-1.501168403774499893e-02
-1.072483286261558533e-01
2.330157160758972168e-02
-6.668353080749511719e-01
-3.189660492353141308e-05
8.370519429445266724e-02
-3.453801572322845459e-01
-2.795140445232391357e-02
1.192255094647407532e-01
-3.906721030944027007e-05
-8.919665962457656860e-02
1.017487607896327972e-02
6.853191182017326355e-03
-1.824645996093750000e-01
-3.212224319577217102e-02
8.797978609800338745e-02
5.755352973937988281e-01
4.992329776287078857e-01
-9.158533648587763309e-04
6.289317607879638672e-01
-1.835613846778869629e-01
7.448600605130195618e-03
-3.347315359860658646e-03
-9.389398619532585144e-04
1.424220919609069824e+00
-7.244312018156051636e-02
3.900618321495130658e-05
-1.447938382625579834e-03
6.734546422958374023e-01
1.635265361983329058e-04
-4.917664825916290283e-02
-2.847689948976039886e-02
-1.433198485756292939e-05
-4.400508999824523926e-01
1.138246297836303711e+00
-4.328361749649047852e-01
-8.182513713836669922e-01
6.367823516484349966e-05
-2.425180524587631226e-01
-7.350024301558732986e-03
1.067448139190673828e+00
3.070063248742371798e-04
1.239501014351844788e-01
-6.296812891960144043e-01
4.555061161518096924e-01
-9.458336535317357630e-06
1.196078062057495117e+00
-2.857309067621827126e-03
-7.856034636497497559e-01
2.366966754198074341e-01
-1.576964627020061016e-03
-5.314270853996276855e-01
5.675927549600601196e-02
-8.012931793928146362e-03
-3.356557711958885193e-02
-6.893815007060766220e-03
1.145818270742893219e-03
2.351514558540657163e-04
9.816702604293823242e-01
-1.991217955946922302e-03
3.555804789066314697e-01
5.617298483848571777e-01
3.024000208824872971e-03
-5.975812673568725586e-04
2.357784062623977661e-01
-4.555166959762573242e-01
-3.288540244102478027e-01
-2.812721766531467438e-02
-2.246299833059310913e-01
3.399588912725448608e-02
-2.275477051734924316e-01
1.669202595949172974e-01
1.346597855444997549e-04
