4.787211120128631592e-01
2.314385026693344116e-02
2.869746387004852295e-01
6.846768260002136230e-01
5.156270861625671387e-01
5.972627401351928711e-01
5.808337777853012085e-02
9.071719050407409668e-01
5.742017626762390137e-01
2.272790223360061646e-01
6.304658055305480957e-01
3.040719926357269287e-01
2.746907472610473633e-01
3.731930553913116455e-01
8.990031480789184570e-01
5.237096548080444336e-01
4.408926069736480713e-01
3.894455134868621826e-01
4.337879717350006104e-01
4.922753572463989258e-01
3.458622992038726807e-01
3.206135630607604980e-01
4.323709011077880859e-01
5.090564489364624023e-01
5.883311629295349121e-01
3.717327415943145752e-01
3.908539116382598877e-01
2.981931865215301514e-01
6.157170981168746948e-02
1.665351539850234985e-01
2.491371184587478638e-01
6.429357528686523438e-01
3.500221967697143555e-01
4.458758831024169922e-01
4.408426284790039062e-01
3.662142753601074219e-01
1.420136839151382446e-01
1.116669178009033203e-01
4.403979703783988953e-02
3.668226897716522217e-01
3.104314208030700684e-01
1.546759158372879028e-01
8.611289858818054199e-01
5.050376057624816895e-01
2.106353342533111572e-01
4.149094521999359131e-01
3.806433677673339844e-01
2.575558722019195557e-01
1.803478896617889404e-01
1.693715006113052368e-01
2.294092625379562378e-01
1.149336248636245728e-01
1.947667300701141357e-01
1.699941456317901611e-01
2.922460734844207764e-01
3.712038695812225342e-01
6.451656222343444824e-01
1.796263158321380615e-01
4.545780122280120850e-01
3.665198385715484619e-01
1.932950876653194427e-02
4.089634120464324951e-01
4.741067290306091309e-01
3.948175013065338135e-01
1.029326394200325012e-01
4.262288808822631836e-01
3.911218345165252686e-01
3.408527970314025879e-01
7.209657430648803711e-01
3.070371150970458984e-01
1.688838005065917969e-01
2.159678041934967041e-01
1.142709180712699890e-01
1.447320282459259033e-01
2.115323953330516815e-02
4.736065864562988281e-01
3.353653550148010254e-01
3.048146665096282959e-01
5.294039249420166016e-01
8.315876722335815430e-01
3.407683074474334717e-01
7.542148232460021973e-01
4.394085612148046494e-03
3.255809843540191650e-01
1.777140051126480103e-01
2.018060237169265747e-01
4.243611395359039307e-01
4.306488633155822754e-01
5.033288002014160156e-01
3.579556345939636230e-01
1.948171406984329224e-01
2.063632607460021973e-01
5.998580902814865112e-02
4.272285103797912598e-01
1.615253388881683350e-01
2.103017419576644897e-01
2.437165379524230957e-01
5.719847083091735840e-01
7.414226531982421875e-01
2.756601274013519287e-01
1.038767620921134949e-01
4.565204381942749023e-01
4.556920230388641357e-01
4.698070883750915527e-01
5.658901333808898926e-01
2.497312575578689575e-01
2.615329623222351074e-01
3.896685540676116943e-01
1.551193445920944214e-01
3.329865932464599609e-01
3.343661874532699585e-02
1.306142956018447876e-01
3.548233211040496826e-01
2.205532342195510864e-01
3.502849638462066650e-01
6.514642834663391113e-01
3.509874939918518066e-01
5.799819231033325195e-01
7.451156526803970337e-02
3.563947379589080811e-01
1.726241707801818848e-01
5.397208929061889648e-01
1.244841441512107849e-01
1.980231404304504395e-01
1.520760208368301392e-01
3.355870842933654785e-01
2.738022617995738983e-02
7.480498552322387695e-01
2.668668925762176514e-01
2.714668512344360352e-01
4.683903157711029053e-01
2.613542377948760986e-01
4.679881036281585693e-01
1.314730495214462280e-01
5.781016349792480469e-01
5.287930965423583984e-01
4.372456073760986328e-01
3.524477183818817139e-01
1.823033988475799561e-01
7.419612407684326172e-01
4.063944518566131592e-01
4.239759743213653564e-01
9.927374124526977539e-02
4.082484245300292969e-01
1.075731813907623291e-01
1.939028352499008179e-01
5.551898479461669922e-01
2.794265151023864746e-01
3.965622186660766602e-01
2.604176402091979980e-01
4.498355686664581299e-01
2.271006852388381958e-01
5.367917418479919434e-01
1.061534881591796875e-01
2.719922065734863281e-01
4.664815962314605713e-01
2.084135562181472778e-01
2.128880620002746582e-01
5.833753943443298340e-02
1.840134710073471069e-01
1.927855610847473145e-02
1.159095093607902527e-01
4.282146692276000977e-02
3.018846213817596436e-01
3.627388477325439453e-01
3.047572970390319824e-01
1.337564289569854736e-01
5.180543065071105957e-01
3.029548525810241699e-01
1.946119666099548340e-01
7.796272635459899902e-02
6.171947717666625977e-01
1.871072798967361450e-01
1.700959950685501099e-01
4.197586700320243835e-02
4.705251753330230713e-01
4.554634988307952881e-01
2.925889194011688232e-01
4.269426465034484863e-01
6.151875257492065430e-01
1.938467621803283691e-01
1.468759626150131226e-01
5.420622183009982109e-04
2.681860625743865967e-01
1.880470216274261475e-01
7.461369037628173828e-01
1.608865149319171906e-02
5.263716578483581543e-01
3.309744969010353088e-02
1.606440693140029907e-01
3.119923770427703857e-01
2.085403203964233398e-01
1.161142736673355103e-01
8.072634935379028320e-01
7.000186294317245483e-02
4.830953478813171387e-01
3.697375953197479248e-01
6.951411962509155273e-01
3.569028973579406738e-01
2.808836102485656738e-01
3.478763401508331299e-01
1.789447963237762451e-01
1.134439483284950256e-01
2.897786498069763184e-01
3.351780176162719727e-01
1.531963795423507690e-01
1.765718609094619751e-01
2.905555069446563721e-01
2.280588150024414062e-01
1.099414974451065063e-01
4.585240483283996582e-01
5.122427344322204590e-01
3.004083335399627686e-01
6.356049180030822754e-01
4.415496289730072021e-01
2.808752655982971191e-01
2.433489561080932617e-01
6.150192022323608398e-01
5.341359376907348633e-01
2.622735500335693359e-01
3.304054737091064453e-01
3.326826095581054688e-01
4.805264770984649658e-01
5.151020884513854980e-01
1.000000000000000000e+00
6.136940717697143555e-01
5.916641354560852051e-01
4.401634931564331055e-01
2.976272702217102051e-01
1.142573654651641846e-01
1.035363301634788513e-01
2.386262416839599609e-01
4.625012725591659546e-02
4.784824848175048828e-01
1.712461411952972412e-01
3.156156241893768311e-01
5.005549788475036621e-01
4.447292387485504150e-01
4.786074161529541016e-01
2.847957909107208252e-01
4.966645538806915283e-01
5.919322138652205467e-04
6.282486021518707275e-02
2.610816853120923042e-03
2.630575895309448242e-01
2.389146983623504639e-01
2.645562887191772461e-01
2.757936716079711914e-01
4.197281301021575928e-01
3.944403231143951416e-01
1.483109593391418457e-01
7.594533562660217285e-01
4.631175473332405090e-02
8.977100998163223267e-02
2.804250717163085938e-01
4.056529402732849121e-01
5.308499932289123535e-01
5.740311741828918457e-01
3.251518607139587402e-01
4.105179309844970703e-01
3.400114923715591431e-02
1.009440887719392776e-02
4.870985746383666992e-01
8.838127851486206055e-01
6.609010100364685059e-01
4.024299681186676025e-01
2.865505516529083252e-01
3.679309189319610596e-01
5.366854071617126465e-01
4.229014217853546143e-01
4.764643013477325439e-01
3.399291634559631348e-01
1.501765698194503784e-01
1.669520735740661621e-01
2.454637140035629272e-01
1.332911849021911621e-01
3.089812099933624268e-01
2.951737344264984131e-01
4.203301072120666504e-01
5.111999511718750000e-01
3.238600492477416992e-01
2.548623085021972656e-01
4.540480673313140869e-01
6.117937564849853516e-01
3.827494978904724121e-01
6.668600440025329590e-01
3.324428796768188477e-01
7.593355178833007812e-01
1.559179127216339111e-01
3.889347910881042480e-01
3.123654127120971680e-01
4.534151852130889893e-01
3.808042407035827637e-01
3.439207971096038818e-01
4.153711795806884766e-01
3.473164439201354980e-01
3.397153019905090332e-01
4.428406953811645508e-01
4.946355521678924561e-01
2.605169415473937988e-01
1.425580531358718872e-01
1.130987107753753662e-01
2.082990258932113647e-01
5.045173168182373047e-01
2.389231026172637939e-01
3.540782332420349121e-01
3.131212592124938965e-01
1.662140339612960815e-01
5.264021158218383789e-01
9.754824638366699219e-01
4.211850762367248535e-01
1.416847705841064453e-01
1.919949799776077271e-01
4.845991134643554688e-01
5.494546294212341309e-01
7.316855788230895996e-01
5.075688958168029785e-01
4.265988767147064209e-01
7.582170963287353516e-01
9.969837069511413574e-01
2.905192971229553223e-01
1.864698231220245361e-01
2.544585168361663818e-01
4.553555846214294434e-01
1.211554184556007385e-01
3.393018841743469238e-01
4.518537223339080811e-01
7.760719209909439087e-02
9.178061783313751221e-02
2.155331224203109741e-01
7.524753808975219727e-01
3.034393489360809326e-01
3.860952258110046387e-01
5.342754125595092773e-01
1.308456361293792725e-01
2.006733566522598267e-01
6.160430908203125000e-01
4.912235438823699951e-01
5.072641968727111816e-01
2.911499738693237305e-01
2.027393281459808350e-01
2.830988168716430664e-01
4.532496631145477295e-01
3.438172042369842529e-01
3.755074441432952881e-01
2.318429797887802124e-01
3.272386193275451660e-01
5.696293115615844727e-01
5.401639938354492188e-01
1.436985433101654053e-01
2.335422635078430176e-01
7.647907137870788574e-01
7.055968046188354492e-01
4.245792329311370850e-01
2.086857706308364868e-01
3.674548268318176270e-01
3.813794255256652832e-01
4.218696951866149902e-01
2.137515135109424591e-02
0.000000000000000000e+00
