4.021480977535247803e-01
1.732127927243709564e-02
2.438359856605529785e-01
3.329986631870269775e-01
6.230158805847167969e-01
2.042131870985031128e-01
5.765194445848464966e-02
3.520710468292236328e-01
2.276464253664016724e-01
5.523686483502388000e-02
3.445926308631896973e-01
1.982440054416656494e-02
4.660617709159851074e-01
2.540894448757171631e-01
6.074314117431640625e-01
3.561884164810180664e-01
2.324142158031463623e-01
3.122929297387599945e-02
2.388417124748229980e-01
1.702657192945480347e-01
3.042360246181488037e-01
1.681710183620452881e-01
1.000000000000000000e+00
3.348245620727539062e-01
3.347103297710418701e-01
7.988556474447250366e-02
2.469619959592819214e-01
1.511351764202117920e-01
5.692178606986999512e-01
1.782677173614501953e-01
2.568632662296295166e-01
6.619426012039184570e-01
1.793267726898193359e-01
3.501685857772827148e-01
1.018348429352045059e-02
4.862799346446990967e-01
1.222674995660781860e-01
2.189047336578369141e-01
1.993230916559696198e-02
4.160699844360351562e-01
3.246625959873199463e-01
2.716727256774902344e-01
3.922861814498901367e-01
5.495714396238327026e-02
4.263965785503387451e-01
1.742734014987945557e-01
4.229836761951446533e-01
3.733741044998168945e-01
1.099882498383522034e-01
2.916488051414489746e-01
1.023433580994606018e-01
1.367618441581726074e-01
2.745431102812290192e-02
3.617864847183227539e-01
3.462044298648834229e-01
2.396846860647201538e-01
1.826082319021224976e-01
2.283476851880550385e-02
2.960586845874786377e-01
6.718739867210388184e-02
1.344649028033018112e-02
3.581537902355194092e-01
3.158084154129028320e-01
3.679381906986236572e-01
4.959421753883361816e-01
3.204179108142852783e-01
4.534817039966583252e-01
1.362026184797286987e-01
3.047548979520797729e-02
5.216587781906127930e-01
4.270221889019012451e-01
4.212391972541809082e-01
3.017346858978271484e-01
6.034550666809082031e-01
3.312534689903259277e-01
6.382887959480285645e-01
2.069370150566101074e-01
1.061906758695840836e-02
3.437888249754905701e-02
3.327533304691314697e-01
5.524163246154785156e-01
4.935542047023773193e-01
4.358421564102172852e-01
4.661537408828735352e-01
3.942528069019317627e-01
3.000119030475616455e-01
6.179075837135314941e-01
2.706001698970794678e-01
7.074346393346786499e-02
2.090668305754661560e-02
1.354098021984100342e-01
3.708416521549224854e-01
3.744972404092550278e-03
4.322161078453063965e-01
8.472354710102081299e-02
1.057303547859191895e-01
5.489744246006011963e-02
1.823639571666717529e-01
4.106511473655700684e-01
4.086158275604248047e-01
2.875319719314575195e-01
3.823243379592895508e-01
1.621027588844299316e-01
2.648249566555023193e-01
1.624930766411125660e-03
9.990270435810089111e-02
2.152680419385433197e-02
6.820779442787170410e-01
2.463105320930480957e-01
4.540344700217247009e-02
5.485442653298377991e-02
1.001578122377395630e-01
2.297306507825851440e-01
4.362916946411132812e-01
1.281131245195865631e-02
2.355496138334274292e-01
3.962985277175903320e-01
1.867710649967193604e-01
3.306198120117187500e-01
2.786991894245147705e-01
2.515701651573181152e-01
5.674028396606445312e-01
3.403767347335815430e-01
4.081864356994628906e-01
1.129587218165397644e-01
4.028186202049255371e-02
6.696250755339860916e-03
1.431808918714523315e-01
8.027935028076171875e-01
6.906498670578002930e-01
2.325308173894882202e-01
3.902371823787689209e-01
1.872567832469940186e-01
4.415356740355491638e-02
1.944793164730072021e-01
3.566321134567260742e-01
7.387369126081466675e-02
7.716149091720581055e-02
2.077052742242813110e-01
8.853521943092346191e-02
2.606413066387176514e-01
1.376919597387313843e-01
4.425908625125885010e-01
3.527572154998779297e-01
1.211048588156700134e-01
3.318009674549102783e-01
4.790976643562316895e-01
2.870132327079772949e-01
3.654737472534179688e-01
3.491150140762329102e-01
7.704055905342102051e-01
5.312257632613182068e-02
1.989758946001529694e-02
6.640584468841552734e-01
1.171105951070785522e-01
1.662071645259857178e-01
1.670470833778381348e-01
3.655584156513214111e-02
3.093522042036056519e-02
4.193136468529701233e-02
5.097101256251335144e-02
6.179492175579071045e-02
4.524673819541931152e-01
1.584773659706115723e-01
1.818102002143859863e-01
2.224374860525131226e-01
8.755975961685180664e-01
5.496094003319740295e-02
2.061270773410797119e-01
4.702527821063995361e-01
1.371815353631973267e-01
4.780209064483642578e-02
1.327591091394424438e-01
3.652795255184173584e-01
8.299181610345840454e-02
1.460427194833755493e-01
2.971859276294708252e-01
0.000000000000000000e+00
7.714229822158813477e-02
1.206775307655334473e-01
1.486569195985794067e-01
4.912878572940826416e-02
1.427904963493347168e-01
4.735610783100128174e-01
2.941218018531799316e-01
6.581797003746032715e-01
2.995294630527496338e-01
2.149641960859298706e-01
5.927833318710327148e-01
6.800786405801773071e-02
3.320979773998260498e-01
6.328912824392318726e-02
4.757301509380340576e-01
2.674826681613922119e-01
1.657172888517379761e-01
1.480519026517868042e-01
6.987610459327697754e-02
4.269905388355255127e-01
5.936531722545623779e-02
2.085785567760467529e-01
5.779768154025077820e-02
1.275434643030166626e-01
2.809479236602783203e-01
1.672475934028625488e-01
6.861305236816406250e-01
1.107717230916023254e-01
2.045440822839736938e-01
1.271459311246871948e-01
2.613242566585540771e-01
5.345460772514343262e-01
5.051890015602111816e-01
2.251373976469039917e-01
3.295040726661682129e-01
2.125726081430912018e-03
1.390598863363265991e-01
6.765589583665132523e-03
1.192255243659019470e-01
1.673153042793273926e-01
7.074947953224182129e-01
2.920047938823699951e-01
5.088864564895629883e-01
3.254543542861938477e-01
3.881465196609497070e-01
4.646597430109977722e-02
6.237899139523506165e-02
4.789268076419830322e-01
5.876601338386535645e-01
2.624436654150485992e-02
2.182996273040771484e-01
3.258330225944519043e-01
6.019791364669799805e-01
1.161767169833183289e-01
3.828148841857910156e-01
4.657713472843170166e-01
3.056116104125976562e-01
3.146034479141235352e-01
4.345085620880126953e-01
3.971683084964752197e-01
6.667539477348327637e-02
2.132306098937988281e-01
8.181209862232208252e-02
3.501766026020050049e-01
1.732699424028396606e-01
3.822556436061859131e-01
2.261913865804672241e-01
2.361868619918823242e-01
7.248256355524063110e-02
2.340441793203353882e-01
2.933444269001483917e-02
3.059329092502593994e-01
3.194311261177062988e-01
4.531179368495941162e-01
2.932710051536560059e-01
1.355504840612411499e-01
7.344570755958557129e-01
2.692230045795440674e-01
2.153282426297664642e-02
5.431035161018371582e-01
4.379656910896301270e-01
6.397667527198791504e-02
4.542045593261718750e-01
3.163945861160755157e-03
5.404803752899169922e-01
7.617067545652389526e-02
1.721814274787902832e-01
1.328508853912353516e-01
1.421186625957489014e-01
3.300020992755889893e-01
4.830960035324096680e-01
3.755201697349548340e-01
2.351718395948410034e-01
7.367241382598876953e-02
1.956167072057723999e-01
2.895958721637725830e-03
2.973381876945495605e-01
2.124472893774509430e-02
1.069008335471153259e-01
3.645600378513336182e-02
1.748819947242736816e-01
5.120288729667663574e-01
1.746156066656112671e-01
1.494533121585845947e-01
3.967462480068206787e-01
2.285770624876022339e-01
2.361465394496917725e-01
8.317904919385910034e-02
3.363700807094573975e-01
2.727341651916503906e-01
3.452241718769073486e-01
8.830393850803375244e-02
2.390090972185134888e-01
1.528648287057876587e-01
3.936580717563629150e-01
5.320042371749877930e-01
8.339251577854156494e-02
2.339897602796554565e-01
1.392272301018238068e-02
1.462047696113586426e-01
4.143164157867431641e-01
4.619513154029846191e-01
1.869647353887557983e-01
1.999687552452087402e-01
2.187525480985641479e-02
4.491412043571472168e-01
2.231330722570419312e-01
2.710762321949005127e-01
1.609241664409637451e-01
2.612440288066864014e-01
4.716919660568237305e-01
7.617874741554260254e-01
4.023612141609191895e-01
2.057109326124191284e-01
1.543972641229629517e-01
5.431684255599975586e-01
7.718241214752197266e-01
2.757592797279357910e-01
1.558698266744613647e-01
1.806148737668991089e-01
5.411757230758666992e-01
9.160924702882766724e-03
3.062478601932525635e-01
6.460698693990707397e-02
6.002696752548217773e-01
1.523033343255519867e-02
2.248432934284210205e-01
2.435712367296218872e-01
3.982305526733398438e-02
2.447574883699417114e-01
9.640717506408691406e-02
3.638214766979217529e-01
8.562939614057540894e-02
6.005204748362302780e-03
6.688243150711059570e-01
3.582427203655242920e-01
7.092649936676025391e-01
2.599286139011383057e-01
1.854346692562103271e-02
1.778732836246490479e-01
1.278364956378936768e-01
3.803854882717132568e-01
8.906660079956054688e-01
1.974250376224517822e-01
3.444112539291381836e-01
3.437758386135101318e-01
3.043013513088226318e-01
9.113278239965438843e-02
2.248765677213668823e-01
6.469162553548812866e-02
2.122993618249893188e-01
3.406853675842285156e-01
1.219961345195770264e-01
6.316800713539123535e-01
1.359145492315292358e-01
5.166615247726440430e-01
7.517836242914199829e-02
2.980490922927856445e-01
5.123691558837890625e-01
3.079600930213928223e-01
5.812916159629821777e-01
1.003632396459579468e-01
