3.823787569999694824e-01
6.646788120269775391e-02
7.868004590272903442e-02
2.226977646350860596e-01
5.631157159805297852e-01
2.408028542995452881e-01
8.633396029472351074e-02
2.704668939113616943e-01
2.838529050350189209e-01
8.960662782192230225e-02
4.561552703380584717e-01
1.055573076009750366e-01
5.003614425659179688e-01
9.517701715230941772e-02
6.662356257438659668e-01
2.925233840942382812e-01
2.586719989776611328e-01
1.243415549397468567e-01
2.728726565837860107e-01
1.484894901514053345e-01
2.766999304294586182e-01
1.917074173688888550e-01
1.000000000000000000e+00
3.476088643074035645e-01
2.247611135244369507e-01
3.657064586877822876e-02
2.081562429666519165e-01
4.176342487335205078e-01
3.897142708301544189e-01
2.802574308589100838e-03
2.507858872413635254e-01
4.869993925094604492e-01
1.621943712234497070e-01
3.685797452926635742e-01
2.074512094259262085e-02
4.333156943321228027e-01
7.054808735847473145e-02
2.250827103853225708e-01
2.656614780426025391e-02
3.090094625949859619e-01
2.471451312303543091e-01
2.299449592828750610e-01
2.764949798583984375e-01
1.375444978475570679e-01
4.148229062557220459e-01
5.632742494344711304e-02
3.372824192047119141e-01
2.564694881439208984e-01
9.056600183248519897e-02
1.354746818542480469e-01
6.577686965465545654e-02
1.698464751243591309e-01
1.096433624625205994e-01
3.708102405071258545e-01
2.815526723861694336e-01
1.990531384944915771e-01
2.194525897502899170e-01
4.710951447486877441e-02
2.724027335643768311e-01
6.311494857072830200e-02
4.015483334660530090e-02
3.582818210124969482e-01
3.442450165748596191e-01
3.049893975257873535e-01
4.191925525665283203e-01
3.390360474586486816e-01
3.726997971534729004e-01
1.500523928552865982e-02
2.998951077461242676e-02
4.871011972427368164e-01
3.823501467704772949e-01
2.949084043502807617e-01
2.638734281063079834e-01
4.952042996883392334e-01
3.836581110954284668e-01
5.726427435874938965e-01
2.401371747255325317e-01
5.535439401865005493e-02
1.342683844268321991e-02
3.142854869365692139e-01
4.480712413787841797e-01
3.654409348964691162e-01
3.501963317394256592e-01
4.112693667411804199e-01
3.092218339443206787e-01
1.577261686325073242e-01
4.434702396392822266e-01
2.999276518821716309e-01
7.326862961053848267e-02
0.000000000000000000e+00
1.427364498376846313e-01
2.843936085700988770e-01
6.078864634037017822e-02
4.282477200031280518e-01
1.674807965755462646e-01
1.386803090572357178e-01
3.537221252918243408e-02
8.421900868415832520e-02
4.493385255336761475e-01
4.316366910934448242e-01
2.214097976684570312e-01
3.088020086288452148e-01
1.368294358253479004e-01
1.937860697507858276e-01
6.052259821444749832e-03
6.844183802604675293e-02
2.651853673160076141e-02
4.899351000785827637e-01
2.190854102373123169e-01
1.232778877019882202e-01
6.422106921672821045e-02
7.374227046966552734e-02
1.620648503303527832e-01
3.267978727817535400e-01
7.859353721141815186e-02
1.727599352598190308e-01
4.168705344200134277e-01
1.848838776350021362e-01
2.684377133846282959e-01
3.054078817367553711e-01
2.018223702907562256e-01
6.437681913375854492e-01
2.971934974193572998e-01
2.130931168794631958e-01
7.159849256277084351e-02
3.481028601527214050e-02
2.581399632617831230e-03
1.478165090084075928e-01
6.988500952720642090e-01
6.145212650299072266e-01
1.518829762935638428e-01
3.783108592033386230e-01
1.627959012985229492e-01
2.281980589032173157e-03
7.661237847059965134e-03
2.887546420097351074e-01
7.047815620899200439e-02
4.104654490947723389e-02
7.237223535776138306e-02
3.420677036046981812e-02
1.763200163841247559e-01
6.071504950523376465e-02
4.307897090911865234e-01
3.031616806983947754e-01
2.508483529090881348e-01
1.682618707418441772e-01
5.609278678894042969e-01
2.180512100458145142e-01
2.790912389755249023e-01
2.297930568456649780e-01
7.125997543334960938e-01
1.006824374198913574e-01
2.147969901561737061e-01
6.680653691291809082e-01
1.131870001554489136e-01
1.588443666696548462e-01
9.665539115667343140e-02
3.511469811201095581e-02
6.093183532357215881e-03
1.265775561332702637e-01
5.686327815055847168e-02
4.440299235284328461e-03
5.420169830322265625e-01
1.433829069137573242e-01
7.410553842782974243e-02
1.587211042642593384e-01
8.596230745315551758e-01
6.531395763158798218e-02
1.317873746156692505e-01
3.732359707355499268e-01
1.762056499719619751e-01
3.486765176057815552e-02
2.057131379842758179e-01
3.671240210533142090e-01
2.207114920020103455e-02
1.412963271141052246e-01
2.252010405063629150e-01
8.284493349492549896e-03
5.956763401627540588e-02
6.465613096952438354e-02
1.302687525749206543e-01
9.173152595758438110e-02
1.658494621515274048e-01
3.399173319339752197e-01
2.216025143861770630e-01
5.823594331741333008e-01
3.797009885311126709e-01
1.374704986810684204e-01
3.977793753147125244e-01
2.315563894808292389e-02
2.776198387145996094e-01
9.346622973680496216e-02
2.611040472984313965e-01
2.612247169017791748e-01
1.526360958814620972e-01
3.690640255808830261e-02
1.188204139471054077e-01
3.330386281013488770e-01
8.513832837343215942e-02
1.432614475488662720e-01
1.162718283012509346e-03
1.141834259033203125e-01
3.107087016105651855e-01
1.698956787586212158e-01
6.707540750503540039e-01
1.370403915643692017e-01
1.428822726011276245e-01
6.718336790800094604e-02
5.034686326980590820e-01
3.295187652111053467e-01
4.362950026988983154e-01
2.074039429426193237e-01
3.569984138011932373e-01
1.076177433133125305e-01
5.153309181332588196e-02
5.304583907127380371e-02
1.066950708627700806e-01
1.997255086898803711e-01
6.495934128761291504e-01
2.114999592304229736e-01
4.846598803997039795e-01
3.415286839008331299e-01
3.635307848453521729e-01
7.246489822864532471e-02
5.678395740687847137e-03
4.061757922172546387e-01
6.049021482467651367e-01
2.299972437322139740e-02
1.830970942974090576e-01
2.612247467041015625e-01
4.139190018177032471e-01
2.992063462734222412e-01
2.666836082935333252e-01
5.166479945182800293e-01
2.400194406509399414e-01
2.364576160907745361e-01
2.314501404762268066e-01
4.489457011222839355e-01
4.536614567041397095e-02
1.212234944105148315e-01
3.480964154005050659e-02
2.855203151702880859e-01
2.140794545412063599e-01
4.880780875682830811e-01
1.801141649484634399e-01
2.104996293783187866e-01
4.401194676756858826e-02
6.446711719036102295e-02
1.922366172075271606e-01
2.952074706554412842e-01
3.243897259235382080e-01
3.813788890838623047e-01
1.362734287977218628e-01
1.917881667613983154e-01
8.091600537300109863e-01
2.112084031105041504e-01
9.066112339496612549e-02
4.312172234058380127e-01
3.419324755668640137e-01
4.007576778531074524e-02
4.705206751823425293e-01
1.307281106710433960e-01
4.286511540412902832e-01
3.964111953973770142e-02
1.386643797159194946e-01
8.066250383853912354e-02
1.347872614860534668e-01
2.699075639247894287e-01
3.615917861461639404e-01
2.394034713506698608e-01
1.674849092960357666e-01
8.967716991901397705e-02
1.668416410684585571e-01
4.911988228559494019e-02
3.231508731842041016e-01
5.527039617300033569e-02
1.064757257699966431e-01
2.403255319222807884e-03
1.238306611776351929e-01
4.355184137821197510e-01
1.193944290280342102e-01
1.277821958065032959e-01
2.991815507411956787e-01
2.043938338756561279e-01
1.523315161466598511e-01
9.133831411600112915e-02
3.585835397243499756e-01
1.964690536260604858e-01
3.399855196475982666e-01
4.990910738706588745e-02
1.472995579242706299e-01
1.785948574542999268e-01
2.497955560684204102e-01
4.592036604881286621e-01
4.406747221946716309e-02
1.562447249889373779e-01
2.194991894066333771e-02
1.519502252340316772e-01
2.953744530677795410e-01
5.348569154739379883e-01
1.790642440319061279e-01
2.581722103059291840e-02
4.399466514587402344e-02
3.937226831912994385e-01
1.422299146652221680e-01
2.766343653202056885e-01
1.010829359292984009e-01
1.488207876682281494e-01
4.150343239307403564e-01
6.647799611091613770e-01
3.393402397632598877e-01
2.225293666124343872e-01
1.740795522928237915e-01
5.191749334335327148e-01
5.690948367118835449e-01
2.504586875438690186e-01
9.145029634237289429e-02
1.308873444795608521e-01
5.304232835769653320e-01
4.587119072675704956e-02
2.430151402950286865e-01
2.163731120526790619e-02
4.652953445911407471e-01
2.933286316692829132e-02
1.671245135366916656e-02
3.266080021858215332e-01
1.350257098674774170e-01
1.626781523227691650e-01
3.441013768315315247e-02
3.091120421886444092e-01
3.553482592105865479e-01
3.614216297864913940e-02
4.663642048835754395e-01
2.499194145202636719e-01
6.312140226364135742e-01
2.587628662586212158e-01
2.942391298711299896e-02
1.267779171466827393e-01
1.610452830791473389e-01
3.756345808506011963e-01
6.798568964004516602e-01
3.722173720598220825e-02
2.022272795438766479e-01
2.995815575122833252e-01
3.460589945316314697e-01
1.268792897462844849e-01
1.180623397231101990e-01
2.771734632551670074e-02
1.597525328397750854e-01
2.869935929775238037e-01
1.018195524811744690e-01
5.323904156684875488e-01
7.057819515466690063e-02
4.754309952259063721e-01
9.495496749877929688e-02
3.927025496959686279e-01
4.569073915481567383e-01
2.371855378150939941e-01
5.694890022277832031e-01
1.375493407249450684e-01
