-2.223878912627696991e-02
-4.161247611045837402e-02
6.944228708744049072e-02
-8.394328504800796509e-02
-1.536432057619094849e-01
-5.300806462764739990e-02
-1.350751239806413651e-02
9.740309417247772217e-02
-9.532167017459869385e-02
-8.831038326025009155e-02
2.459943592548370361e-01
1.722438037395477295e-01
-2.644224166870117188e-01
7.600823044776916504e-02
-1.853585094213485718e-01
-1.576977670192718506e-01
3.754849731922149658e-02
1.587713956832885742e-01
-4.776669666171073914e-03
-4.136808216571807861e-03
-2.291293591260910034e-01
-7.522641122341156006e-02
1.890173554420471191e-01
-4.850923269987106323e-02
1.220109313726425171e-01
-1.261674165725708008e-01
1.654101535677909851e-02
-1.201080083847045898e-01
3.744707703590393066e-01
3.920490294694900513e-02
1.529395133256912231e-01
1.146442741155624390e-01
-4.791386052966117859e-02
-1.415887027978897095e-01
-1.572745144367218018e-01
-1.322315633296966553e-01
7.645659148693084717e-02
1.892022043466567993e-02
-1.527339518070220947e-01
7.969858497381210327e-02
-1.422031968832015991e-02
-2.449176311492919922e-01
-1.366919465363025665e-02
-1.983770281076431274e-01
5.568644031882286072e-03
1.020572036504745483e-01
5.550653487443923950e-02
2.936295233666896820e-02
-9.375775605440139771e-02
8.102649450302124023e-02
9.719502925872802734e-02
2.560485303401947021e-01
-9.110307693481445312e-02
-9.614496678113937378e-02
-2.018383517861366272e-02
-6.548832356929779053e-02
1.001627072691917419e-01
-1.074844598770141602e-01
-8.968740701675415039e-02
-5.122286826372146606e-02
-6.759491562843322754e-02
8.433023095130920410e-02
1.007815152406692505e-01
1.403588503599166870e-01
-2.443970143795013428e-01
-1.079908162355422974e-01
-3.070385381579399109e-02
-9.113325178623199463e-02
-1.104051843285560608e-01
-1.704678684473037720e-01
-1.371158063411712646e-01
-2.570254206657409668e-01
-1.045969724655151367e-01
-5.962219089269638062e-02
-1.015170216560363770e-01
-5.403301119804382324e-02
-5.487012267112731934e-01
-2.469127774238586426e-01
-2.994556352496147156e-02
7.447655498981475830e-02
2.120824903249740601e-01
5.633465945720672607e-02
-6.770819425582885742e-02
1.943552121520042419e-02
5.448162555694580078e-02
4.664239287376403809e-02
-7.314566522836685181e-02
4.120778292417526245e-02
-2.560412883758544922e-01
-5.877003818750381470e-02
-2.363332919776439667e-02
1.459163129329681396e-01
-7.835441082715988159e-02
-2.271898090839385986e-03
1.023240387439727783e-02
-2.247556298971176147e-02
9.136008471250534058e-02
1.027376018464565277e-02
4.247317556291818619e-03
1.230247989296913147e-01
-7.361046969890594482e-02
-4.019778966903686523e-02
7.894568145275115967e-02
5.246070027351379395e-02
-1.598460227251052856e-01
-5.772009864449501038e-02
8.729676902294158936e-02
-2.338829264044761658e-02
-1.381344795227050781e-01
-4.390534013509750366e-02
1.263267546892166138e-01
2.014518342912197113e-02
-2.635118365287780762e-02
3.428456559777259827e-02
-3.541535139083862305e-02
-1.175325959920883179e-01
-5.834604799747467041e-02
6.711624562740325928e-02
6.789091974496841431e-02
1.249862107215449214e-04
4.377607256174087524e-02
-4.893382638692855835e-02
5.747340619564056396e-02
6.544945389032363892e-02
8.089937269687652588e-02
-1.618524268269538879e-02
-3.168045356869697571e-02
-6.572341918945312500e-02
7.690056227147579193e-03
8.642420917749404907e-02
6.172128766775131226e-02
1.038976460695266724e-01
6.176947057247161865e-02
4.019539803266525269e-02
-3.260215744376182556e-02
-3.813610970973968506e-02
-1.008228138089179993e-01
7.244178652763366699e-02
2.666946500539779663e-02
-1.635609865188598633e-01
4.913818556815385818e-03
-8.315823972225189209e-03
5.217651277780532837e-02
-4.994651302695274353e-02
5.862835794687271118e-02
1.741207689046859741e-01
-4.308401793241500854e-02
1.058617383241653442e-01
6.672247499227523804e-02
1.054271031171083450e-02
-1.032963916659355164e-01
6.083462387323379517e-02
3.940688818693161011e-02
3.086136654019355774e-02
4.207415133714675903e-02
-3.743347246199846268e-03
-1.175537779927253723e-01
9.537014365196228027e-02
-4.765903204679489136e-02
-1.029630377888679504e-02
-4.241045564413070679e-02
-2.367077395319938660e-03
-7.938477396965026855e-02
2.803267166018486023e-02
5.013188719749450684e-02
4.353209584951400757e-02
-5.948196724057197571e-02
-8.336389809846878052e-02
-8.802755922079086304e-02
-7.902223616838455200e-02
9.104916453361511230e-02
1.379453577101230621e-02
4.930386692285537720e-02
6.935190409421920776e-02
-3.930998966097831726e-02
-1.165311783552169800e-03
1.018652319908142090e-02
-2.601887471973896027e-02
-1.098676174879074097e-01
-4.378339648246765137e-02
1.142072379589080811e-01
2.369094640016555786e-03
2.694374024868011475e-01
2.320256084203720093e-02
-1.681549698114395142e-01
-8.368052542209625244e-03
-2.779542803764343262e-01
7.524235546588897705e-02
-2.079675644636154175e-01
-2.989642322063446045e-01
-3.638473898172378540e-02
6.443258374929428101e-02
1.810258477926254272e-01
9.733916074037551880e-02
-7.459674775600433350e-02
-9.765208512544631958e-02
-1.305036246776580811e-02
8.084376156330108643e-02
1.282497346401214600e-01
7.619656622409820557e-02
3.051353991031646729e-02
-1.617327332496643066e-02
5.110267922282218933e-02
3.635717928409576416e-02
2.947589159011840820e-01
1.598807871341705322e-01
3.905773460865020752e-01
2.844039723277091980e-02
-3.311429321765899658e-01
-1.169130429625511169e-01
-2.326809428632259369e-02
2.841123044490814209e-01
8.370131999254226685e-02
2.030645757913589478e-01
3.431639447808265686e-02
2.379271984100341797e-01
3.068629652261734009e-02
2.700018696486949921e-03
1.393978893756866455e-01
-1.339901685714721680e-01
8.104769885540008545e-02
1.742537505924701691e-02
-6.972562521696090698e-03
1.522278040647506714e-01
-3.181912004947662354e-01
6.376605480909347534e-03
-1.042418107390403748e-01
2.545836940407752991e-02
8.485805243253707886e-03
9.729682654142379761e-02
-1.136796548962593079e-02
-7.760354876518249512e-02
4.452566057443618774e-02
-8.658278733491897583e-02
1.008641272783279419e-01
1.716307103633880615e-01
3.060692921280860901e-02
9.299577027559280396e-02
-5.883133038878440857e-02
-4.224676489830017090e-01
-2.784656286239624023e-01
1.639171838760375977e-01
5.356596782803535461e-02
1.474189758300781250e-01
-3.033591806888580322e-02
5.947754532098770142e-02
9.231089800596237183e-02
-1.780918240547180176e-01
-3.618546947836875916e-02
7.624489814043045044e-02
7.931196689605712891e-02
2.689899317920207977e-02
-5.970790237188339233e-02
6.339575350284576416e-02
-2.773777022957801819e-02
-1.840041875839233398e-01
7.727669924497604370e-02
-6.957898288965225220e-02
1.515506803989410400e-01
-6.792934983968734741e-02
-7.121289521455764771e-02
1.350686550140380859e-01
4.600130766630172729e-02
-3.134431540966033936e-01
1.050259098410606384e-01
-7.495008409023284912e-02
2.577965334057807922e-02
1.535343825817108154e-01
3.534521162509918213e-02
3.524274751543998718e-02
-6.579113602638244629e-01
-3.597151860594749451e-02
-2.841824591159820557e-01
3.572990596294403076e-01
-2.027139663696289062e-01
-7.961789965629577637e-01
-1.697488315403461456e-02
4.732481837272644043e-01
5.567824244499206543e-01
1.691384166479110718e-01
-2.970238626003265381e-01
-2.983763813972473145e-01
-1.249197944998741150e-01
-4.363151490688323975e-01
-7.954369485378265381e-02
-2.148289382457733154e-01
5.836420059204101562e-01
3.604893684387207031e-01
2.245936840772628784e-01
-5.213046073913574219e-02
-4.020769521594047546e-02
4.022302478551864624e-02
3.388156592845916748e-01
1.389583945274353027e-01
-3.857266902923583984e-01
-2.536479532718658447e-01
-2.647660672664642334e-01
-2.535732388496398926e-01
3.577455878257751465e-01
-6.213840469717979431e-02
-1.209806948900222778e-01
2.016343772411346436e-01
1.524858921766281128e-02
2.966094315052032471e-01
-1.792941540479660034e-01
4.047453105449676514e-01
4.012466669082641602e-01
-3.452070057392120361e-01
3.574846088886260986e-01
7.675758004188537598e-02
2.694155573844909668e-01
1.240348964929580688e-01
-5.653975009918212891e-01
2.600037455558776855e-01
-4.248586297035217285e-01
2.891179323196411133e-01
5.119032859802246094e-01
1.415655612945556641e-01
4.576782584190368652e-01
-3.164605200290679932e-01
-6.545737981796264648e-01
-6.980897486209869385e-02
-3.645789623260498047e-02
5.219323039054870605e-01
5.582130700349807739e-02
-1.868674755096435547e-01
-4.703484475612640381e-02
-2.120431363582611084e-01
-4.074668288230895996e-01
-3.753975629806518555e-01
-2.940609753131866455e-01
-1.404550224542617798e-01
-1.886570453643798828e-01
-5.193753913044929504e-02
3.458775579929351807e-01
-3.829814493656158447e-01
-9.907370805740356445e-02
-2.466316074132919312e-01
-5.319917947053909302e-02
-3.121904134750366211e-01
1.608027964830398560e-01
-3.640056848526000977e-01
-1.236697137355804443e-01
7.294984161853790283e-02
-1.227464601397514343e-01
-7.519723847508430481e-03
-1.650395393371582031e-01
-1.367582380771636963e-01
1.912094280123710632e-02
1.835418641567230225e-01
5.362305641174316406e-01
-1.181162744760513306e-01
3.633225709199905396e-02
-6.003438830375671387e-01
4.316073358058929443e-01
3.929447233676910400e-01
3.742365539073944092e-01
2.649596035480499268e-01
4.212346076965332031e-01
1.603567153215408325e-01
