-2.094913972541689873e-03
-8.607612471678294241e-06
-5.889020562171936035e-01
-1.755223423242568970e-01
-4.443800076842308044e-02
-2.164083707612007856e-04
1.928479820489883423e-01
-7.019386440515518188e-02
5.141696706414222717e-02
3.141728639602661133e-01
-1.588923484086990356e-01
3.392216749489307404e-03
1.171774324029684067e-02
1.222540020942687988e+00
-1.444576382637023926e-01
9.079200681298971176e-04
-2.285754308104515076e-04
1.438292209059000015e-03
-1.507481280714273453e-02
-1.470748633146286011e-01
-1.423034965991973877e-01
7.445167303085327148e-01
-7.995753884315490723e-01
6.268072724342346191e-01
-1.525324955582618713e-02
-3.050341010093688965e-01
4.974645562469959259e-03
2.169494473491795361e-05
5.375564470887184143e-02
-6.086061000823974609e-01
3.912706077098846436e-01
-9.008191409520804882e-04
3.479991853237152100e-01
1.205293074235669337e-06
1.589203457115218043e-04
-5.125499446876347065e-04
-3.830284113064408302e-04
-1.894796788692474365e-01
4.352160096168518066e-01
-4.126805870328098536e-04
7.434440194629132748e-04
9.619727730751037598e-01
-7.806055992841720581e-02
7.730660581728443503e-05
7.327887415885925293e-01
-4.124629795551300049e-01
-1.057511195540428162e-01
-1.679026037454605103e-01
7.346169352531433105e-01
-4.600531756877899170e-01
5.506043322384357452e-03
-2.633660915307700634e-04
-3.499979898333549500e-02
-1.954244263470172882e-02
-4.401813447475433350e-02
2.470040953994612209e-06
3.512995608616620302e-04
-5.776685065939091146e-05
6.641593575477600098e-02
-1.570618748664855957e-01
-8.987901359796524048e-02
-5.758103448897600174e-03
1.977030560374259949e-02
-3.223396837711334229e-01
-1.104247093200683594e+00
8.130475180223584175e-04
6.524941325187683105e-01
9.386483579874038696e-02
6.947468519210815430e-01
-3.886422216892242432e-01
-1.299182921648025513e-01
7.169551216065883636e-03
-1.030971527099609375e+00
1.588983577676117420e-03
1.013028696179389954e-01
1.103577688336372375e-01
-4.745448380708694458e-02
-1.486967690289020538e-02
-6.322045810520648956e-04
2.164697070838883519e-04
-1.155015349388122559e+00
-1.474643051624298096e-01
-4.732859088107943535e-05
-5.825038067996501923e-03
9.162907372228801250e-05
-2.577146980911493301e-03
1.701522618532180786e-03
-1.599767128936946392e-03
-4.187123267911374569e-04
-7.249637842178344727e-01
2.705464884638786316e-02
1.353558599948883057e-01
-5.308505496941506863e-04
4.514854401350021362e-02
-1.131320714950561523e+00
1.511557251214981079e-01
-3.346037192386575043e-05
-7.730463147163391113e-02
-4.915506839752197266e-01
-5.055978894233703613e-01
-7.273925542831420898e-01
-3.552042692899703979e-02
5.014756917953491211e-01
-6.695223450660705566e-01
-2.315960377454757690e-01
6.350786685943603516e-01
2.449710071086883545e-01
2.306210994720458984e-02
-1.828598529100418091e-01
-3.426953554153442383e-01
4.062267765402793884e-02
-4.529309570789337158e-01
3.359244167804718018e-01
-4.009475708007812500e-01
-1.964974999427795410e+00
5.312607288360595703e-01
7.566667045466601849e-04
1.684956951066851616e-03
5.661682486534118652e-01
-5.294447392225265503e-02
-9.710973501205444336e-02
-4.354394332040101290e-04
-1.471783965826034546e-01
9.652275592088699341e-02
1.599692702293395996e-01
-3.941887021064758301e-01
-2.260892152786254883e+00
-4.018950462341308594e-02
-6.381976604461669922e-02
-1.170992031693458557e-01
-1.670910418033599854e-02
3.796516731381416321e-02
1.822222232818603516e+00
3.507556319236755371e-01
9.477313142269849777e-05
-5.684594511985778809e-01
6.607607792830094695e-05
1.161359548568725586e+00
-1.321300119161605835e-01
-2.051923424005508423e-01
-3.012940753251314163e-03
-3.709432482719421387e-02
-5.349419545382261276e-03
-6.826009154319763184e-01
-7.466281056404113770e-01
-1.694348007440567017e-01
4.109981060028076172e-01
1.485895918449386954e-04
7.800166029483079910e-03
2.890647465392248705e-06
-4.671536386013031006e-02
1.020590643747709692e-04
-1.722331973724067211e-03
-5.363935828208923340e-01
-6.079460382461547852e-01
5.920304101891815662e-05
-6.394781917333602905e-02
4.926320612430572510e-01
-1.774940341711044312e-01
-1.603361070156097412e-01
-4.477510750293731689e-01
-2.899574465118348598e-04
8.810672909021377563e-02
2.429061681032180786e-01
1.038492890074849129e-03
6.834574043750762939e-02
-1.095929294824600220e-01
-2.091660098813008517e-05
2.295519560575485229e-01
-3.923532366752624512e-02
4.884753841906785965e-03
-1.469720453023910522e-01
-9.917631978169083595e-04
9.414508007466793060e-03
6.418536305427551270e-01
5.663138628005981445e-01
7.801162600517272949e-01
-3.779871165752410889e-01
4.522191882133483887e-01
4.551343321800231934e-01
1.243138432502746582e+00
8.941372483968734741e-02
-3.840295076370239258e-01
1.702421717345714569e-02
1.543958391994237900e-02
-2.148553263396024704e-03
-1.114611607044935226e-02
1.015246286988258362e-02
4.082472622394561768e-01
1.708557456731796265e-01
2.570243179798126221e-01
-4.040852189064025879e-01
-8.205503225326538086e-01
1.488064390287036076e-05
-2.985140085220336914e-01
4.333787560462951660e-01
8.246209621429443359e-01
-3.810862544924020767e-03
3.627526760101318359e-01
9.294912964105606079e-02
-2.025234699249267578e-01
-1.673953258432447910e-03
2.837708294391632080e-01
-7.455390004906803370e-06
-5.616797807306284085e-06
1.227522119879722595e-01
6.158908829092979431e-03
-7.073787450790405273e-01
7.349382340908050537e-02
-2.148489952087402344e+00
1.760048144205939025e-05
-2.461907640099525452e-02
-2.760650515556335449e-01
-7.369888424873352051e-01
7.327980399131774902e-01
8.590652942657470703e-01
-7.311249524354934692e-02
4.586660070344805717e-04
-1.486622728407382965e-02
-2.324177876289468259e-05
-8.870010060491040349e-05
8.706930279731750488e-01
3.546615540981292725e-01
-3.811913132667541504e-01
-4.922451078891754150e-01
3.165693953633308411e-02
2.373056986471056007e-06
3.157892206218093634e-05
4.858194291591644287e-01
-1.399631053209304810e-01
2.397525012493133545e-01
-4.564096778631210327e-02
4.731835797429084778e-04
6.112310802564024925e-04
-2.173502580262720585e-04
-7.062875032424926758e-01
-5.368705838918685913e-02
1.861369013786315918e-01
-5.282385391183197498e-04
8.848585486412048340e-01
7.637233356945216656e-04
-4.167715609073638916e-01
1.503725200891494751e-01
9.709389132694923319e-07
5.275650415569543839e-03
-8.641762733459472656e-01
-8.509923703968524933e-03
7.764386385679244995e-02
3.654346801340579987e-04
1.687398907961323857e-04
1.082380563020706177e-01
-2.327972948551177979e-01
2.266231030225753784e-01
2.314449846744537354e-02
-1.841278672218322754e-01
-8.462726138532161713e-03
-5.064810514450073242e-01
-4.680490866303443909e-02
-1.101383209228515625e+00
-2.800617814064025879e-01
7.452598772943019867e-03
-4.974643141031265259e-02
4.931413233280181885e-01
3.176201507449150085e-02
-2.979435957968235016e-02
4.946265816688537598e-01
-2.298835813999176025e-01
1.453384310007095337e-01
8.357178568840026855e-01
-4.586351496982388198e-05
1.680323184700682759e-04
-4.010960459709167480e-03
-2.622424364089965820e-01
7.951441407203674316e-01
1.068277955055236816e+00
-3.503352701663970947e-01
-2.448897284921258688e-04
2.510401536710560322e-04
4.262306690216064453e-01
3.946426149923354387e-04
5.386881821323186159e-05
1.891871392726898193e-01
-1.992817670106887817e-01
-6.729799509048461914e-02
3.493544161319732666e-01
4.873843193054199219e-01
1.477528512477874756e-01
-3.125289678573608398e-01
-7.678330540657043457e-01
-5.599083378911018372e-02
3.247384913265705109e-03
-3.000707874889485538e-05
-4.402585625648498535e-01
-1.938163161277770996e+00
6.930649306013947353e-06
5.345281362533569336e-01
1.811121031641960144e-02
1.076922535896301270e+00
3.098203055560588837e-02
-6.105535430833697319e-05
1.357011776417493820e-02
2.628341913223266602e-01
1.504322513937950134e-02
-3.146099746227264404e-01
-7.031477093696594238e-01
4.037537053227424622e-02
5.585410399362444878e-04
5.958731174468994141e-01
-2.292537540197372437e-01
-8.160326480865478516e-01
9.159881621599197388e-02
-1.128347069025039673e-01
-3.468695562332868576e-03
1.534637412987649441e-04
3.988438248634338379e-01
-7.294872403144836426e-01
-1.005159923806786537e-03
-2.647592499852180481e-02
-1.535628252895548940e-04
2.400295585393905640e-01
7.894659042358398438e-02
1.383459717035293579e-01
-1.206346392631530762e+00
-9.573803842067718506e-02
-2.400293350219726562e-01
4.760193824768066406e-01
-5.891499519348144531e-01
-3.351955115795135498e-01
9.271103739738464355e-01
-4.565007239580154419e-02
-2.077273607254028320e+00
3.713290989398956299e-01
-2.021375439653638750e-05
4.945520460605621338e-01
2.080047369003295898e+00
2.176886796951293945e-02
-3.894288092851638794e-02
-5.506549477577209473e-01
3.561709821224212646e-01
-1.543099526315927505e-02
6.064302921295166016e-01
-1.595642685890197754e+00
2.305757152498699725e-05
9.662159532308578491e-02
-4.280457505956292152e-05
-1.538448414066806436e-04
7.633184548467397690e-03
1.156379352323710918e-03
-2.218524068593978882e-01
6.663448810577392578e-01
-1.123292207717895508e+00
-8.848379850387573242e-01
-8.847369998693466187e-02
8.096426995507499669e-07
2.700754404067993164e-01
6.952991825528442860e-04
-9.649228013586252928e-05
-1.425183610990643501e-03
-2.632118761539459229e-03
2.086103893816471100e-02
