5.029724836349487305e-01
1.773666962981224060e-02
3.012546300888061523e-01
6.822645068168640137e-01
5.408116579055786133e-01
6.686249971389770508e-01
7.806795090436935425e-02
9.247563481330871582e-01
5.628780722618103027e-01
2.460688948631286621e-01
6.501221656799316406e-01
2.906341254711151123e-01
2.944440841674804688e-01
3.637394905090332031e-01
9.030328989028930664e-01
5.317678451538085938e-01
4.223967492580413818e-01
4.276092648506164551e-01
4.907053112983703613e-01
4.120718836784362793e-01
3.448234796524047852e-01
2.809350788593292236e-01
4.273149669170379639e-01
5.641611814498901367e-01
5.943121910095214844e-01
3.380387127399444580e-01
3.670944869518280029e-01
2.959450483322143555e-01
1.057492420077323914e-01
1.587209701538085938e-01
2.517084479331970215e-01
7.875882387161254883e-01
3.268919587135314941e-01
4.742173552513122559e-01
4.132425189018249512e-01
3.433869481086730957e-01
1.733931452035903931e-01
1.539740860462188721e-01
8.730711042881011963e-02
4.802574515342712402e-01
3.609681725502014160e-01
1.214709654450416565e-01
9.737856388092041016e-01
5.361291170120239258e-01
2.301883101463317871e-01
4.176400601863861084e-01
3.665183484554290771e-01
2.705147862434387207e-01
1.881020069122314453e-01
1.731762290000915527e-01
2.194879353046417236e-01
1.401461809873580933e-01
1.973231583833694458e-01
1.532244235277175903e-01
2.965108752250671387e-01
3.719807267189025879e-01
6.019544601440429688e-01
1.147965714335441589e-01
5.092703104019165039e-01
3.718148469924926758e-01
2.138832211494445801e-02
3.379927277565002441e-01
5.016515851020812988e-01
4.022485017776489258e-01
1.242663711309432983e-01
4.485848248004913330e-01
3.814421296119689941e-01
3.322925269603729248e-01
7.522774934768676758e-01
3.009845614433288574e-01
2.261908799409866333e-01
1.533026844263076782e-01
1.421014368534088135e-01
1.896209269762039185e-01
2.794756554067134857e-02
5.297382473945617676e-01
3.392802476882934570e-01
3.198661208152770996e-01
4.747945368289947510e-01
8.381317853927612305e-01
3.053704500198364258e-01
7.057382464408874512e-01
5.822925828397274017e-03
5.069308876991271973e-01
1.870473623275756836e-01
2.727800309658050537e-01
3.574040234088897705e-01
4.930207431316375732e-01
4.845994114875793457e-01
3.754399716854095459e-01
1.787475049495697021e-01
1.774812787771224976e-01
1.140305548906326294e-01
3.945879936218261719e-01
1.643971949815750122e-01
1.694386154413223267e-01
2.458455562591552734e-01
6.219448447227478027e-01
7.470667362213134766e-01
3.126961290836334229e-01
2.252655923366546631e-01
4.946670532226562500e-01
4.131019115447998047e-01
4.755405187606811523e-01
5.724630355834960938e-01
2.535224556922912598e-01
2.553302943706512451e-01
4.276073575019836426e-01
1.742334663867950439e-01
3.760260045528411865e-01
5.402015149593353271e-02
1.652234792709350586e-01
4.346585273742675781e-01
2.202001214027404785e-01
3.466571569442749023e-01
6.664186716079711914e-01
3.747800588607788086e-01
6.790982484817504883e-01
1.532555520534515381e-01
3.590581417083740234e-01
1.544952839612960815e-01
5.411427021026611328e-01
1.110316812992095947e-01
1.937974691390991211e-01
1.951847821474075317e-01
3.428896069526672363e-01
5.426949262619018555e-02
8.320742845535278320e-01
2.440504282712936401e-01
2.898207902908325195e-01
4.663685262203216553e-01
2.474002540111541748e-01
4.347122609615325928e-01
1.486258804798126221e-01
5.627579689025878906e-01
5.634629130363464355e-01
4.770264029502868652e-01
3.713370561599731445e-01
1.956434696912765503e-01
7.914322614669799805e-01
3.849720358848571777e-01
4.974107444286346436e-01
1.327270567417144775e-01
4.294148087501525879e-01
1.198817566037178040e-01
1.799840033054351807e-01
7.341809868812561035e-01
2.928733527660369873e-01
4.320373535156250000e-01
3.197464048862457275e-01
5.051119923591613770e-01
2.015797942876815796e-01
6.262425780296325684e-01
1.372356116771697998e-01
2.373629510402679443e-01
4.408636689186096191e-01
2.391376644372940063e-01
2.178187072277069092e-01
6.153526902198791504e-02
1.955402940511703491e-01
7.794690318405628204e-03
9.926848858594894409e-02
5.807166174054145813e-02
3.280790150165557861e-01
2.914212644100189209e-01
4.119338095188140869e-01
1.278734654188156128e-01
4.739581942558288574e-01
3.107923865318298340e-01
2.103737592697143555e-01
8.292303979396820068e-02
6.148595213890075684e-01
2.008523643016815186e-01
1.561711877584457397e-01
5.400849878787994385e-02
4.691497981548309326e-01
4.671611785888671875e-01
2.549352943897247314e-01
3.120882213115692139e-01
6.328393220901489258e-01
1.508213579654693604e-01
1.629049479961395264e-01
3.602416720241308212e-03
2.519811689853668213e-01
1.985678225755691528e-01
8.117302656173706055e-01
5.703079700469970703e-02
5.389452576637268066e-01
1.596457557752728462e-03
1.524415612220764160e-01
3.006576001644134521e-01
2.722329497337341309e-01
1.221195682883262634e-01
7.516297698020935059e-01
9.564244002103805542e-02
5.004154443740844727e-01
4.195415079593658447e-01
7.433031201362609863e-01
3.694352805614471436e-01
2.812367081642150879e-01
3.916223049163818359e-01
2.396039813756942749e-01
1.132596358656883240e-01
2.942391633987426758e-01
3.448058068752288818e-01
1.962414085865020752e-01
1.826220303773880005e-01
2.482897192239761353e-01
2.794199585914611816e-01
1.163709685206413269e-01
4.146249294281005859e-01
5.274376273155212402e-01
2.836915254592895508e-01
6.133010983467102051e-01
4.654941260814666748e-01
3.493692278861999512e-01
3.122730553150177002e-01
6.692045927047729492e-01
4.915383160114288330e-01
2.404273599386215210e-01
3.070659637451171875e-01
2.569712102413177490e-01
5.129168629646301270e-01
5.797880291938781738e-01
9.459828138351440430e-01
6.719452142715454102e-01
5.912941098213195801e-01
4.646446704864501953e-01
3.531482219696044922e-01
1.045677885413169861e-01
1.734780371189117432e-01
2.791066765785217285e-01
6.729481369256973267e-02
4.952591359615325928e-01
1.750942915678024292e-01
2.814798355102539062e-01
5.086835622787475586e-01
4.478861689567565918e-01
5.659856200218200684e-01
3.083343803882598877e-01
6.703638434410095215e-01
5.156046524643898010e-02
3.233203291893005371e-02
1.788742491044104099e-03
2.589951753616333008e-01
2.709547877311706543e-01
1.578970700502395630e-01
2.775373458862304688e-01
4.237928092479705811e-01
4.959342777729034424e-01
1.120871156454086304e-01
8.474647402763366699e-01
4.669102281332015991e-02
4.824764281511306763e-02
2.012529224157333374e-01
3.902056217193603516e-01
5.640625357627868652e-01
5.186592936515808105e-01
3.339196741580963135e-01
3.703120946884155273e-01
6.502505391836166382e-03
0.000000000000000000e+00
4.730378389358520508e-01
9.029703140258789062e-01
6.478244662284851074e-01
3.703405559062957764e-01
2.965957820415496826e-01
4.494588077068328857e-01
5.252683758735656738e-01
3.836388587951660156e-01
4.553282558917999268e-01
3.053930401802062988e-01
9.697194397449493408e-02
1.379208713769912720e-01
2.728730440139770508e-01
1.841903477907180786e-01
4.027706682682037354e-01
3.281068503856658936e-01
4.300829470157623291e-01
5.333567261695861816e-01
3.664986193180084229e-01
2.735343277454376221e-01
4.481095075607299805e-01
6.673325300216674805e-01
4.428006410598754883e-01
6.660078763961791992e-01
3.319652974605560303e-01
8.324961662292480469e-01
1.640196442604064941e-01
3.790290653705596924e-01
2.861672639846801758e-01
4.822171926498413086e-01
3.820360898971557617e-01
4.058671593666076660e-01
4.070542156696319580e-01
3.666797280311584473e-01
3.199320733547210693e-01
3.977880477905273438e-01
5.375542044639587402e-01
2.973730862140655518e-01
1.048168689012527466e-01
1.920692026615142822e-01
1.980984210968017578e-01
5.812714099884033203e-01
2.739492654800415039e-01
4.126517176628112793e-01
2.822052240371704102e-01
2.173742949962615967e-01
5.265179276466369629e-01
9.246858954429626465e-01
5.570186972618103027e-01
1.715416461229324341e-01
2.308491319417953491e-01
4.677443504333496094e-01
5.497872233390808105e-01
7.054002881050109863e-01
5.324736833572387695e-01
4.597449600696563721e-01
8.612167835235595703e-01
1.000000000000000000e+00
3.406240046024322510e-01
1.338469833135604858e-01
3.728501796722412109e-01
4.844273924827575684e-01
1.183414310216903687e-01
3.363657593727111816e-01
4.346356987953186035e-01
1.610291004180908203e-01
9.340902417898178101e-02
1.855390369892120361e-01
8.865725994110107422e-01
2.732619941234588623e-01
4.291891157627105713e-01
6.527995467185974121e-01
1.312683671712875366e-01
2.121515423059463501e-01
6.215866804122924805e-01
4.590182006359100342e-01
4.841766357421875000e-01
3.331556916236877441e-01
1.940327286720275879e-01
2.027723342180252075e-01
4.739211201667785645e-01
3.383785486221313477e-01
3.978198170661926270e-01
1.851922869682312012e-01
3.055112659931182861e-01
5.457506179809570312e-01
4.906490147113800049e-01
1.192784160375595093e-01
1.568692475557327271e-01
7.920153141021728516e-01
6.896272897720336914e-01
4.504666626453399658e-01
1.777002811431884766e-01
3.384021818637847900e-01
2.902777791023254395e-01
4.365375638008117676e-01
3.474341705441474915e-02
3.524960204958915710e-02
