-4.139543697237968445e-02
2.894991077482700348e-02
7.285397499799728394e-03
-2.633769623935222626e-02
1.066928915679454803e-02
4.210790246725082397e-02
6.366108357906341553e-02
2.092604339122772217e-02
-1.709664613008499146e-02
-3.876286209560930729e-04
-7.014070451259613037e-02
3.559167310595512390e-02
-9.861674159765243530e-03
2.332592755556106567e-02
-8.806720376014709473e-02
5.389128997921943665e-02
-7.390250265598297119e-02
3.907860442996025085e-02
1.186280250549316406e-01
1.266134437173604965e-03
2.930981479585170746e-02
5.409324541687965393e-02
-1.448076963424682617e-02
3.341192752122879028e-02
1.196950301527976990e-02
7.958504557609558105e-02
-6.914700567722320557e-02
-1.992316730320453644e-02
-9.559768438339233398e-02
9.144786745309829712e-03
-7.429367303848266602e-02
-2.924307063221931458e-02
1.078336834907531738e-01
8.449949324131011963e-02
-2.672761306166648865e-02
5.847195535898208618e-02
-2.350160107016563416e-02
1.971318945288658142e-02
5.246598273515701294e-02
3.102924674749374390e-02
-4.095902666449546814e-02
2.730468474328517914e-02
7.786320522427558899e-03
5.445961654186248779e-02
6.451214849948883057e-02
-5.744278314523398876e-04
-5.754016339778900146e-02
-6.225499883294105530e-02
3.189621865749359131e-02
2.359019778668880463e-02
2.857411280274391174e-02
-2.407063916325569153e-02
-4.511871933937072754e-02
-6.983469426631927490e-02
1.592824794352054596e-02
-9.577289223670959473e-03
2.233421988785266876e-02
-9.219218045473098755e-03
1.502184718847274780e-01
-4.741349816322326660e-02
-3.130668029189109802e-02
2.953963726758956909e-02
2.120599709451198578e-02
8.153546601533889771e-03
-3.623470291495323181e-02
-4.429937899112701416e-02
5.419354420155286789e-03
-2.079154178500175476e-02
3.328831493854522705e-02
4.414222389459609985e-02
3.365202248096466064e-02
5.460470914840698242e-02
-1.931094750761985779e-02
1.040884479880332947e-01
9.254186600446701050e-02
2.345632063224911690e-03
1.498000174760818481e-01
9.035107493400573730e-02
6.102294102311134338e-02
1.177538931369781494e-02
9.380753152072429657e-03
-1.786889135837554932e-02
1.166323125362396240e-01
3.600417822599411011e-02
1.317869871854782104e-01
-4.715716838836669922e-02
4.938341677188873291e-02
5.105351656675338745e-02
3.179110586643218994e-02
6.154024973511695862e-02
-2.837785705924034119e-02
2.526473067700862885e-02
-4.035220667719841003e-02
6.169328093528747559e-02
-4.095303267240524292e-02
2.895125374197959900e-02
8.029041439294815063e-02
-4.560858756303787231e-02
6.535583175718784332e-03
1.111688837409019470e-02
-9.876128286123275757e-02
-2.726228535175323486e-02
3.018416755367070436e-04
3.692972660064697266e-02
-6.823301315307617188e-02
1.295840367674827576e-02
1.012288779020309448e-02
-9.255272336304187775e-03
-3.059266135096549988e-02
-5.437952280044555664e-02
-1.770381443202495575e-02
1.094053015112876892e-01
8.946329355239868164e-03
4.672474414110183716e-02
-7.901781052350997925e-02
-6.748551130294799805e-02
-2.894418872892856598e-02
2.372431568801403046e-02
2.050235122442245483e-02
1.021265797317028046e-02
3.245735540986061096e-02
-6.524598598480224609e-02
5.381305515766143799e-02
3.566313162446022034e-02
-5.075114965438842773e-02
-8.582732081413269043e-02
5.920860916376113892e-03
-1.505058817565441132e-02
-1.692483201622962952e-02
2.183763869106769562e-02
2.531687170267105103e-02
-5.698948167264461517e-03
6.825924664735794067e-02
-2.791304513812065125e-02
6.993531435728073120e-02
-4.834887757897377014e-02
-8.026192337274551392e-02
1.909225806593894958e-02
1.879310607910156250e-02
-7.673582527786493301e-03
-3.505615517497062683e-02
-3.407029062509536743e-02
-2.304816618561744690e-02
-6.508044153451919556e-02
1.401148457080125809e-02
5.896573886275291443e-03
-8.756943047046661377e-03
6.314972788095474243e-02
-4.991086898371577263e-04
9.426323696970939636e-03
-1.772597752278670669e-04
5.203672498464584351e-02
5.205110646784305573e-03
8.936819620430469513e-03
-9.187904186546802521e-03
-7.617737166583538055e-03
-4.429234564304351807e-02
1.012686789035797119e-01
-6.252748519182205200e-02
-3.733014222234487534e-03
8.702877908945083618e-03
4.412011057138442993e-02
1.397718787193298340e-01
4.311491549015045166e-02
4.302478209137916565e-02
2.924709953367710114e-02
-3.568291664123535156e-02
9.859614074230194092e-03
-5.381181463599205017e-02
-6.337325274944305420e-02
6.950571388006210327e-02
-3.599280864000320435e-02
-5.768466368317604065e-02
1.170358620584011078e-02
-2.540555782616138458e-02
5.548607558012008667e-02
-3.738515824079513550e-02
-4.671248607337474823e-03
-3.722811490297317505e-02
-4.258850589394569397e-02
-5.077721923589706421e-02
3.562445938587188721e-01
3.771753609180450439e-01
-4.358644038438796997e-02
1.455162465572357178e-01
-4.241715744137763977e-02
2.217131108045578003e-02
-1.239321976900100708e-01
5.124503001570701599e-02
-1.428883969783782959e-01
-1.865477561950683594e-01
1.079385876655578613e-01
-4.841485992074012756e-03
-1.373609807342290878e-02
1.993215978145599365e-01
-1.269232034683227539e-01
1.578521430492401123e-01
-1.377297937870025635e-01
-3.267149627208709717e-02
2.934012413024902344e-01
-1.346896737813949585e-01
-2.166905403137207031e-01
6.433472782373428345e-02
-3.227891027927398682e-01
3.242058455944061279e-01
1.767454892396926880e-01
-6.122404336929321289e-02
7.177326828241348267e-02
-1.892909258604049683e-01
1.013804376125335693e-01
-7.797185331583023071e-02
-5.007681250572204590e-02
-2.537092380225658417e-02
-1.453017145395278931e-01
-1.876223236322402954e-01
-1.003192290663719177e-01
1.004874557256698608e-01
7.396563887596130371e-02
-1.043576560914516449e-02
-9.298576414585113525e-02
1.268558502197265625e-01
-3.599646314978599548e-02
3.331271186470985413e-02
-1.526679545640945435e-01
-2.799743413925170898e-01
-2.531951665878295898e-01
-8.743441849946975708e-02
4.060121998190879822e-02
-3.919681012630462646e-01
2.979916930198669434e-01
-2.346400916576385498e-01
-1.321236938238143921e-01
3.322031989227980375e-05
4.533515870571136475e-02
4.781699180603027344e-02
1.863297969102859497e-01
1.876094192266464233e-01
1.414823085069656372e-01
6.135228276252746582e-02
2.607189118862152100e-01
-3.569673513993620872e-03
5.602552089840173721e-03
-3.309513628482818604e-02
1.437461376190185547e-01
-2.073359042406082153e-01
-4.572088655550032854e-04
-1.003532335162162781e-01
-1.986363381147384644e-01
3.784657120704650879e-01
9.597927331924438477e-02
6.098035350441932678e-02
-2.827585637569427490e-01
7.487143389880657196e-03
6.898082792758941650e-02
-8.564636111259460449e-02
4.617352783679962158e-02
-1.763473302125930786e-01
-1.987052261829376221e-01
-1.625771224498748779e-01
9.779379516839981079e-02
1.803065091371536255e-01
-1.288391504203900695e-04
8.096455037593841553e-02
-2.240362465381622314e-01
-1.957302987575531006e-01
1.077274139970541000e-02
9.982493519783020020e-02
-2.621254920959472656e-01
-1.504239588975906372e-01
-1.911828219890594482e-01
1.458889991044998169e-01
6.277465727180242538e-03
-8.589587360620498657e-02
-3.778461366891860962e-02
1.012882292270660400e-01
5.522592365741729736e-02
-8.659435063600540161e-02
-6.773555651307106018e-03
-3.745860978960990906e-02
-7.483662664890289307e-02
1.029402017593383789e-03
1.110709607601165771e-01
6.314434856176376343e-02
-6.286475062370300293e-02
3.494501486420631409e-02
1.385542899370193481e-01
-7.092768698930740356e-02
6.962252408266067505e-02
-2.498593032360076904e-01
9.065568447113037109e-02
3.187375143170356750e-03
-3.518913686275482178e-02
-1.701423227787017822e-01
-7.130346447229385376e-02
1.241601482033729553e-01
-8.192389272153377533e-03
5.070659331977367401e-03
6.772254407405853271e-02
-3.361048549413681030e-02
6.654495000839233398e-02
-9.144333004951477051e-02
1.072066277265548706e-01
-2.583258450031280518e-01
-6.674396991729736328e-02
-2.536173351109027863e-02
-1.254061609506607056e-01
-1.402149498462677002e-01
-1.252298802137374878e-01
-5.522417649626731873e-02
1.219668239355087280e-01
4.066901654005050659e-02
-3.334674984216690063e-02
-2.243366278707981110e-02
-1.883960701525211334e-02
1.582431495189666748e-01
-9.080737829208374023e-03
1.590545102953910828e-02
2.077942900359630585e-02
1.456716097891330719e-02
4.432120174169540405e-02
1.412444561719894409e-01
2.911639586091041565e-02
-1.558898296207189560e-02
-5.838441103696823120e-02
1.071544364094734192e-02
4.935560375452041626e-02
2.119200862944126129e-02
-5.725125968456268311e-02
1.225187033414840698e-01
1.933461427688598633e-01
8.055033534765243530e-02
3.692343831062316895e-02
1.958741247653961182e-02
6.261744350194931030e-02
-7.687848526984453201e-03
8.877765387296676636e-02
-1.039368212223052979e-01
-4.449924081563949585e-02
-1.115032844245433807e-02
1.475204229354858398e-01
2.782648196443915367e-03
-7.359614223241806030e-02
-1.230448931455612183e-01
2.009364590048789978e-02
7.109687477350234985e-02
2.694881148636341095e-02
-2.769837900996208191e-02
1.607329249382019043e-01
1.516919396817684174e-02
-5.252318084239959717e-02
-1.989447176456451416e-01
-2.859764173626899719e-02
9.193462133407592773e-02
6.908128410577774048e-02
-3.087553754448890686e-02
-4.764740169048309326e-02
-1.158827915787696838e-01
-3.050515055656433105e-02
2.397129684686660767e-02
-1.851657591760158539e-02
