4.918157458305358887e-01
3.235946595668792725e-02
2.961147427558898926e-01
7.345886230468750000e-01
5.193822383880615234e-01
6.450338959693908691e-01
5.382728949189186096e-02
9.300704598426818848e-01
6.287459731101989746e-01
2.228428870439529419e-01
6.281730532646179199e-01
3.107457458972930908e-01
3.010194003582000732e-01
3.767781257629394531e-01
8.470553755760192871e-01
5.687237381935119629e-01
4.678432047367095947e-01
4.056853055953979492e-01
4.911890029907226562e-01
4.734307825565338135e-01
3.959651887416839600e-01
2.909598052501678467e-01
4.282865524291992188e-01
6.330298781394958496e-01
5.982154607772827148e-01
3.539217710494995117e-01
3.792222738265991211e-01
3.295234143733978271e-01
6.245551258325576782e-02
1.622625440359115601e-01
2.482351064682006836e-01
7.104691863059997559e-01
3.297778666019439697e-01
5.143128037452697754e-01
4.272434115409851074e-01
3.551985323429107666e-01
1.592112481594085693e-01
2.016663104295730591e-01
4.437690228223800659e-02
5.107053518295288086e-01
3.183095157146453857e-01
1.761772781610488892e-01
9.458844065666198730e-01
5.391532182693481445e-01
2.614702582359313965e-01
4.043562412261962891e-01
3.997289538383483887e-01
2.729617655277252197e-01
2.036855220794677734e-01
1.646210253238677979e-01
2.260921895503997803e-01
1.303809583187103271e-01
2.283872514963150024e-01
2.039628624916076660e-01
3.325380384922027588e-01
3.965857326984405518e-01
6.351444721221923828e-01
2.629484534263610840e-01
5.120684504508972168e-01
3.912348449230194092e-01
3.461340069770812988e-02
3.516578972339630127e-01
4.832344949245452881e-01
4.105962216854095459e-01
8.138781785964965820e-02
4.654911458492279053e-01
4.064084291458129883e-01
3.552754819393157959e-01
7.460741400718688965e-01
3.118235170841217041e-01
2.025093287229537964e-01
1.706839650869369507e-01
1.379921138286590576e-01
1.792963296175003052e-01
0.000000000000000000e+00
4.877908527851104736e-01
3.366948664188385010e-01
3.551896512508392334e-01
5.232981443405151367e-01
8.598238229751586914e-01
3.862923085689544678e-01
7.870118021965026855e-01
3.066091798245906830e-02
3.993551731109619141e-01
1.740107089281082153e-01
2.930068373680114746e-01
4.671914875507354736e-01
4.832546412944793701e-01
4.971084892749786377e-01
3.757134377956390381e-01
1.939356178045272827e-01
2.017243206501007080e-01
9.240560233592987061e-02
4.074424505233764648e-01
1.548960655927658081e-01
2.258542925119400024e-01
2.749966681003570557e-01
5.908072590827941895e-01
7.419201135635375977e-01
2.994454503059387207e-01
2.084484547376632690e-01
5.045504570007324219e-01
4.631280303001403809e-01
4.879496991634368896e-01
5.453308224678039551e-01
2.534334063529968262e-01
2.510009407997131348e-01
4.170982837677001953e-01
2.138654291629791260e-01
3.560441434383392334e-01
4.666284844279289246e-02
1.458097398281097412e-01
4.142149984836578369e-01
2.041862457990646362e-01
3.659201264381408691e-01
6.949946880340576172e-01
3.781561851501464844e-01
6.251184940338134766e-01
1.638313829898834229e-01
3.811049163341522217e-01
2.322216480970382690e-01
5.841594934463500977e-01
1.299797743558883667e-01
2.093289941549301147e-01
1.703543663024902344e-01
3.741529583930969238e-01
6.621278077363967896e-02
7.981176972389221191e-01
2.122072130441665649e-01
3.013418614864349365e-01
5.070473551750183105e-01
2.421127557754516602e-01
4.878171086311340332e-01
1.347983479499816895e-01
5.737107396125793457e-01
5.340316891670227051e-01
4.844341576099395752e-01
3.597361147403717041e-01
2.026481032371520996e-01
7.899779081344604492e-01
3.987715244293212891e-01
4.990477561950683594e-01
1.186383590102195740e-01
4.601016044616699219e-01
1.143768429756164551e-01
1.968090236186981201e-01
5.760725140571594238e-01
2.698826491832733154e-01
3.702683746814727783e-01
2.842072546482086182e-01
4.990691244602203369e-01
1.829159557819366455e-01
5.611624121665954590e-01
8.000963181257247925e-02
2.477001994848251343e-01
5.396273136138916016e-01
2.379797101020812988e-01
2.206045389175415039e-01
8.825691044330596924e-02
2.035282403230667114e-01
5.050648935139179230e-03
1.385389417409896851e-01
5.840570852160453796e-02
3.233699500560760498e-01
3.526053726673126221e-01
3.885730504989624023e-01
1.564561724662780762e-01
5.567229390144348145e-01
3.103358447551727295e-01
2.165911793708801270e-01
7.176879793405532837e-02
6.329721808433532715e-01
1.882599592208862305e-01
1.574509143829345703e-01
4.018591716885566711e-02
4.667224586009979248e-01
5.102828145027160645e-01
2.893640995025634766e-01
4.187775850296020508e-01
6.445065140724182129e-01
2.028124630451202393e-01
1.572749465703964233e-01
2.557863248512148857e-03
2.958773672580718994e-01
2.061332166194915771e-01
7.498000860214233398e-01
4.575122520327568054e-02
5.325090289115905762e-01
3.314211964607238770e-02
1.315496712923049927e-01
2.874003648757934570e-01
2.255879789590835571e-01
1.333729326725006104e-01
8.270555734634399414e-01
9.409649670124053955e-02
5.327147245407104492e-01
4.063584208488464355e-01
7.254892587661743164e-01
3.545086383819580078e-01
2.887930274009704590e-01
3.568385839462280273e-01
1.922042667865753174e-01
1.096992120146751404e-01
3.186509907245635986e-01
2.940146923065185547e-01
1.769205033779144287e-01
2.153265327215194702e-01
2.421731501817703247e-01
2.713450789451599121e-01
9.501597285270690918e-02
4.706700444221496582e-01
5.389885902404785156e-01
3.215456306934356689e-01
6.631923913955688477e-01
4.592465758323669434e-01
3.212630152702331543e-01
2.974945306777954102e-01
6.483830809593200684e-01
5.290485024452209473e-01
3.015474379062652588e-01
3.510131537914276123e-01
3.054105341434478760e-01
4.969036579132080078e-01
5.291866064071655273e-01
9.952572584152221680e-01
6.569387912750244141e-01
6.152291893959045410e-01
4.470898807048797607e-01
3.415324687957763672e-01
1.257935762405395508e-01
1.446628868579864502e-01
3.054497838020324707e-01
8.377448469400405884e-02
4.901744127273559570e-01
1.999666690826416016e-01
3.197428882122039795e-01
5.177641510963439941e-01
4.388185739517211914e-01
5.287504196166992188e-01
3.053491413593292236e-01
5.873187184333801270e-01
1.442664582282304764e-02
6.902589648962020874e-02
8.581357076764106750e-03
2.350941300392150879e-01
2.470563352108001709e-01
2.378816902637481689e-01
2.922819256782531738e-01
4.570318162441253662e-01
4.526415467262268066e-01
1.474257707595825195e-01
8.214632868766784668e-01
7.848615199327468872e-02
7.465294003486633301e-02
2.703792154788970947e-01
4.213885068893432617e-01
5.865218043327331543e-01
6.134191155433654785e-01
3.341821730136871338e-01
4.058682024478912354e-01
3.275438770651817322e-02
1.021847594529390335e-02
5.314791202545166016e-01
9.172810912132263184e-01
6.647151112556457520e-01
3.951172232627868652e-01
3.186216056346893311e-01
4.792950153350830078e-01
5.112624764442443848e-01
4.183136522769927979e-01
4.922285974025726318e-01
3.216739594936370850e-01
1.130645796656608582e-01
1.585853546857833862e-01
2.860460281372070312e-01
1.889206618070602417e-01
3.205741941928863525e-01
3.221479058265686035e-01
4.367106556892395020e-01
5.480343103408813477e-01
3.428040444850921631e-01
2.475661188364028931e-01
4.700106978416442871e-01
6.598266959190368652e-01
4.072739481925964355e-01
6.886965632438659668e-01
3.447437584400177002e-01
8.431825637817382812e-01
1.805281788110733032e-01
3.973810076713562012e-01
3.158628642559051514e-01
4.873535931110382080e-01
4.367341399192810059e-01
3.970950841903686523e-01
4.174732565879821777e-01
3.388630747795104980e-01
3.228643238544464111e-01
4.472530782222747803e-01
5.085813999176025391e-01
2.729351520538330078e-01
1.130748167634010315e-01
1.750151365995407104e-01
2.225283831357955933e-01
4.933894276618957520e-01
2.811776697635650635e-01
3.804245889186859131e-01
3.417842984199523926e-01
2.150865048170089722e-01
5.726264119148254395e-01
9.675625562667846680e-01
5.462388396263122559e-01
2.014996111392974854e-01
2.292838543653488159e-01
4.493875503540039062e-01
5.465000867843627930e-01
7.091593146324157715e-01
5.364708900451660156e-01
4.794256389141082764e-01
8.226951360702514648e-01
1.000000000000000000e+00
3.080097138881683350e-01
1.988268196582794189e-01
3.253013789653778076e-01
4.639690220355987549e-01
1.190767437219619751e-01
3.597236275672912598e-01
4.429682195186614990e-01
9.463734924793243408e-02
1.197157427668571472e-01
2.443715780973434448e-01
8.444501757621765137e-01
3.135119974613189697e-01
4.154675900936126709e-01
6.015945672988891602e-01
1.417190283536911011e-01
2.250813394784927368e-01
6.396566033363342285e-01
4.689343869686126709e-01
4.985594451427459717e-01
3.045920133590698242e-01
2.248669117689132690e-01
2.677175402641296387e-01
4.364895224571228027e-01
3.800027072429656982e-01
3.783032298088073730e-01
1.851413995027542114e-01
3.158473968505859375e-01
5.602283477783203125e-01
5.376852750778198242e-01
1.215030476450920105e-01
1.660111099481582642e-01
7.938834428787231445e-01
7.253990173339843750e-01
4.627213478088378906e-01
2.009084671735763550e-01
3.712420761585235596e-01
3.876541852951049805e-01
4.821620881557464600e-01
2.580986358225345612e-02
2.275444194674491882e-02
