-3.814555704593658447e-02
-2.780923852697014809e-03
1.164063269243342802e-05
1.294801235198974609e+00
1.446776837110519409e-01
-2.730177482590079308e-03
4.872361421585083008e-01
4.487001895904541016e-01
6.289182056207209826e-05
-9.477879106998443604e-02
-2.023990638554096222e-02
6.525581236928701401e-03
1.015859991312026978e-01
3.154237638227641582e-04
1.792987692169845104e-03
2.113964175805449486e-03
9.336040019989013672e-01
3.736746439244598150e-04
-9.616386890411376953e-02
-1.863272488117218018e-01
-2.888478338718414307e-03
1.448496041120961308e-04
-1.865462362766265869e-01
2.994988858699798584e-02
8.513208627700805664e-01
-3.591063618659973145e-01
1.113882288336753845e-03
4.350639646872878075e-04
4.816204309463500977e-03
1.283840656280517578e+00
-2.954185381531715393e-02
-1.580428704619407654e-02
-4.792348136106738821e-06
3.391901729628443718e-03
1.726738736033439636e-02
5.042218789458274841e-02
-2.614955337776336819e-05
-1.864623278379440308e-01
-9.032458662986755371e-01
2.369476715102791786e-05
8.952409029006958008e-02
4.293680787086486816e-01
-1.159860676125390455e-05
2.844980545341968536e-02
-1.532100319862365723e+00
-1.811171472072601318e-01
-1.438850283622741699e+00
-3.034999668598175049e-01
2.075593918561935425e-03
6.304474174976348877e-02
-1.319359708577394485e-02
-2.090279906988143921e-01
-7.031643986701965332e-01
2.879961431026458740e-01
4.135476046940311790e-05
-1.297304593026638031e-02
2.294178605079650879e-01
-9.223209619522094727e-01
4.534495747066102922e-05
-2.197092726419214159e-05
-5.966100692749023438e-01
-3.400152921676635742e-01
3.548075556755065918e-01
2.000022679567337036e-01
7.441028952598571777e-01
7.413950243062572554e-06
6.465170881710946560e-04
1.876116002677008510e-04
2.444882094860076904e-01
-2.410304248332977295e-01
4.144814312458038330e-01
2.556679248809814453e-01
4.252528250217437744e-01
-9.508503079414367676e-01
1.052606478333473206e-01
-2.874503661587368697e-05
-2.735759317874908447e-01
-6.531146168708801270e-01
-1.444539427757263184e-01
9.298332333564758301e-01
1.393985294271260500e-04
-2.348270209040492773e-05
-9.607763290405273438e-01
6.544926762580871582e-01
2.629641629755496979e-02
-6.509223487228155136e-03
1.165585041046142578e+00
3.956783621106296778e-05
-3.236433840356767178e-04
-9.274559852201491594e-05
-2.827506326138973236e-02
-1.578248851001262665e-02
-4.959291982231661677e-05
-8.120616674423217773e-01
-7.550571560859680176e-01
4.992367030354216695e-05
1.027730479836463928e-02
1.997467043111100793e-04
-2.798490095301531255e-05
-2.798719215206801891e-04
-1.991345882415771484e-01
-4.084997475147247314e-01
-1.771470159292221069e-01
1.499735284596681595e-03
4.988292455673217773e-01
-3.542800841387361288e-04
-5.793614983558654785e-01
-3.881934285163879395e-02
4.379070997238159180e-01
9.376812726259231567e-02
1.960606575012207031e-01
-1.848442107439041138e-02
-1.316003948450088501e-01
9.055530428886413574e-01
1.262731403112411499e-01
1.539533695904538035e-04
3.455961048603057861e-01
-1.686144387349486351e-04
-9.340921789407730103e-02
5.044962763786315918e-01
1.047084457240998745e-03
-9.762685745954513550e-02
9.817969202995300293e-01
-3.775299992412328720e-04
3.155834600329399109e-02
3.084459602832794189e-01
-1.071338701876811683e-04
-2.798703908920288086e-01
8.534309267997741699e-01
9.912041015923023224e-03
-3.499674797058105469e-01
-6.172781065106391907e-02
-3.142079710960388184e-01
7.372597698122262955e-03
8.974343072623014450e-04
6.882607936859130859e-02
1.004362478852272034e-02
8.813216118142008781e-05
-9.752860665321350098e-02
-6.160166230984032154e-04
8.096849173307418823e-02
-6.891506927786394954e-05
2.130403220653533936e-01
1.016193985939025879e+00
1.479576621204614639e-02
2.767810523509979248e-01
-8.083297312259674072e-02
8.317079544067382812e-01
-4.243548028171062469e-04
5.894871950149536133e-01
-4.462312790565192699e-05
1.355807423591613770e+00
-3.144162474200129509e-04
1.666808733716607094e-03
1.020452976226806641e-01
1.791598945856094360e-01
-3.818088769912719727e-01
3.782263025641441345e-02
1.767911612987518311e-01
1.337815483566373587e-04
2.714150923566194251e-06
1.181936621665954590e+00
3.195683658123016357e-01
1.316695094108581543e+00
1.600302493898198009e-04
4.623950421810150146e-01
-5.148972272872924805e-01
-8.298876881599426270e-02
2.263149326608981937e-05
6.271541933529078960e-04
1.084332466125488281e-01
-7.359420851571485400e-05
1.081986650824546814e-01
6.746816039085388184e-01
1.522041420685127378e-04
3.390621244907379150e-01
-2.628673911094665527e-01
-3.449556417763233185e-03
-4.979710876941680908e-01
3.598082912503741682e-05
7.953143119812011719e-02
-1.982400281121954322e-04
5.853911042213439941e-01
-3.921244740486145020e-01
-1.659544929862022400e-02
1.732223480939865112e-02
1.867257803678512573e-01
4.137894604355096817e-03
3.500275909900665283e-01
9.673264026641845703e-01
-1.378008437313837931e-05
7.111193984746932983e-02
-6.280571222305297852e-01
-1.010336503386497498e-01
2.466664016246795654e-01
-1.034164242446422577e-02
-1.875982061028480530e-02
1.756883412599563599e-02
2.901258631027303636e-05
-6.229097925825044513e-05
4.110012203454971313e-02
-1.001631379127502441e+00
-5.930380895733833313e-02
-4.915096610784530640e-02
-1.306546153500676155e-03
-1.134225800633430481e-01
-7.209610939025878906e-01
-3.003482008352875710e-03
-4.979416844435036182e-04
1.589116640388965607e-02
-1.290017007704591379e-05
1.629333200980909169e-05
4.780613817274570465e-04
1.914682053029537201e-02
-7.129702568054199219e-01
-7.114452719688415527e-01
2.119274139404296875e-01
-5.010877885069930926e-06
3.001813888549804688e-01
3.165360391139984131e-01
-4.678137004375457764e-01
2.813993692398071289e-01
1.272143889218568802e-02
4.323417544364929199e-01
1.983530091820284724e-05
-2.713924646377563477e-01
-3.969012573361396790e-02
-2.733061046455986798e-05
6.408977787941694260e-03
-1.994397491216659546e-01
5.268940329551696777e-01
2.827210724353790283e-01
5.516301095485687256e-02
-5.392494201660156250e-01
5.403890460729598999e-02
3.891234695911407471e-01
1.024000346660614014e-02
9.166868776082992554e-02
7.740660657873377204e-05
-4.765338078141212463e-02
-1.396693289279937744e-01
9.180723875761032104e-02
-9.627267718315124512e-03
-2.873582541942596436e-01
-2.359997630119323730e-01
5.121731162071228027e-01
2.738202922046184540e-03
1.160905303549952805e-04
1.029843988362699747e-04
1.410465314984321594e-02
4.448460638523101807e-01
-3.059192895889282227e-01
-6.374794989824295044e-02
-6.811280846595764160e-01
-5.053877085447311401e-02
7.162808775901794434e-01
2.538907341659069061e-02
1.105493828654289246e-01
-1.479526981711387634e-04
-5.081297829747200012e-02
-1.082656625658273697e-02
-5.354992151260375977e-01
1.121610283851623535e+00
-7.726171315880492330e-05
7.506087422370910645e-02
9.470356255769729614e-02
2.602882124483585358e-02
-1.278234571218490601e-01
-4.430366607266478240e-05
-1.743880957365036011e-01
-2.099407836794853210e-03
-4.940359890460968018e-01
5.526416862267069519e-05
8.363444358110427856e-04
8.428866863250732422e-01
-7.159260511398315430e-01
-6.117396405898034573e-04
-6.811217870563268661e-03
-1.482907533645629883e-01
4.040195643901824951e-01
-6.063373684883117676e-01
2.679407000541687012e-01
-1.529142609797418118e-04
7.252779323607683182e-05
-1.826079242164269090e-04
-3.069562651216983795e-02
2.394569814205169678e-01
-3.174081146717071533e-01
3.088093698024749756e-01
-1.126942753791809082e+00
-3.270674496889114380e-02
-4.312194141675718129e-05
-4.926770031452178955e-01
-9.240167855750769377e-05
8.982871472835540771e-02
4.885531234322115779e-05
-9.581500291824340820e-02
-2.280186861753463745e-02
2.335622411919757724e-05
-7.567154169082641602e-01
-1.467016991227865219e-03
-1.208549663424491882e-01
-7.322255373001098633e-01
-5.392305320128798485e-05
6.613630102947354317e-05
-3.967991098761558533e-02
-2.101175934076309204e-01
-2.109515815973281860e-01
7.705924510955810547e-01
-9.825758024817332625e-05
-1.162950047728372738e-05
-2.244301867904141545e-04
1.071417450904846191e+00
-2.163089960813522339e-01
1.193681638687849045e-02
-3.215495049953460693e-01
-6.565182209014892578e-01
1.080692261457443237e-01
5.135848000645637512e-02
-1.022013664245605469e+00
4.097173223271965981e-05
-3.657548129558563232e-01
1.448444090783596039e-03
-1.410442113876342773e+00
-3.236301541328430176e-01
1.873762812465429306e-04
-1.794720143079757690e-01
-1.714734137058258057e-01
-4.808478057384490967e-01
1.383062044624239206e-05
-2.338405283808242530e-05
7.039729971438646317e-03
2.309023216366767883e-02
-3.011597692966461182e-01
1.213367286254651845e-04
5.289542302489280701e-02
-6.390730738639831543e-01
1.087275147438049316e+00
6.006193757057189941e-01
-1.934640407562255859e-01
-1.036519408226013184e+00
5.976445078849792480e-01
4.185725450515747070e-01
2.936837971210479736e-01
-1.578640192747116089e-02
-2.693684101104736328e-01
-2.500394592061638832e-03
-9.502089619636535645e-01
1.000164193101227283e-03
-1.398834493011236191e-02
2.644117176532745361e-01
-3.660661578178405762e-01
8.762657046318054199e-01
-1.011969685554504395e+00
-1.952485553920269012e-02
9.582494967617094517e-04
1.737643480300903320e-01
4.745052137877792120e-04
3.320704028010368347e-02
5.648225196637213230e-04
