4.395428001880645752e-01
2.814785577356815338e-02
2.875615358352661133e-01
6.745235919952392578e-01
5.196707844734191895e-01
6.296845078468322754e-01
4.875568300485610962e-02
9.064434170722961426e-01
5.392840504646301270e-01
7.294386029243469238e-01
5.954268574714660645e-01
2.732190787792205811e-01
2.656246721744537354e-01
3.330111801624298096e-01
8.124615550041198730e-01
4.952917695045471191e-01
4.229770898818969727e-01
3.580855429172515869e-01
4.253099560737609863e-01
4.135930538177490234e-01
3.362089097499847412e-01
3.177338242530822754e-01
4.273335933685302734e-01
6.049200296401977539e-01
5.970092415809631348e-01
3.390300869941711426e-01
3.671980202198028564e-01
2.898615300655364990e-01
7.313178479671478271e-02
1.353350728750228882e-01
2.465893775224685669e-01
1.303020268678665161e-01
3.753033280372619629e-01
3.978815674781799316e-01
4.188542366027832031e-01
3.338766098022460938e-01
1.793632209300994873e-01
1.452603787183761597e-01
8.912995457649230957e-02
5.302286148071289062e-01
3.235455751419067383e-01
1.368606537580490112e-01
8.761917352676391602e-01
5.063154697418212891e-01
2.242463678121566772e-01
4.041464924812316895e-01
3.567025363445281982e-01
2.648912370204925537e-01
1.962658315896987915e-01
1.160761788487434387e-01
2.090004086494445801e-01
1.119221895933151245e-01
7.519735693931579590e-01
2.105511873960494995e-01
2.851235568523406982e-01
3.684390187263488770e-01
6.402704119682312012e-01
2.072810977697372437e-01
4.774007797241210938e-01
3.344080448150634766e-01
1.705882139503955841e-02
3.542080521583557129e-01
4.419229328632354736e-01
4.004762470722198486e-01
9.827020764350891113e-02
4.248781502246856689e-01
3.724693655967712402e-01
3.083007037639617920e-01
6.948541402816772461e-01
2.811301648616790771e-01
1.790164411067962646e-01
2.184937298297882080e-01
1.293075233697891235e-01
1.677048951387405396e-01
3.021740913391113281e-02
4.628001153469085693e-01
2.971391379833221436e-01
3.011761307716369629e-01
5.006469488143920898e-01
8.325334191322326660e-01
3.305185437202453613e-01
7.389969229698181152e-01
2.519473247230052948e-02
3.666376173496246338e-01
1.463750153779983521e-01
2.363688051700592041e-01
4.213211536407470703e-01
4.524228274822235107e-01
4.469026029109954834e-01
3.329179584980010986e-01
1.773070991039276123e-01
2.169372588396072388e-01
5.877866223454475403e-02
3.865863680839538574e-01
1.153876110911369324e-01
2.154257744550704956e-01
2.482562512159347534e-01
5.549039840698242188e-01
1.978575140237808228e-01
2.518230974674224854e-01
1.790984123945236206e-01
4.579822719097137451e-01
4.553739130496978760e-01
4.634079337120056152e-01
4.980098605155944824e-01
2.151306122541427612e-01
2.274787724018096924e-01
4.037291407585144043e-01
1.932182013988494873e-01
3.322743177413940430e-01
3.995707258582115173e-02
1.347632110118865967e-01
3.974915742874145508e-01
2.359980046749114990e-01
3.477643132209777832e-01
5.950934886932373047e-01
3.164857029914855957e-01
5.983406305313110352e-01
1.804741621017456055e-01
3.570239841938018799e-01
1.260124146938323975e-01
5.093868970870971680e-01
1.222983598709106445e-01
1.919562071561813354e-01
1.404062062501907349e-01
3.605779707431793213e-01
5.667664483189582825e-02
7.900044322013854980e-01
2.400917261838912964e-01
2.809000611305236816e-01
5.037180781364440918e-01
2.478374689817428589e-01
4.382494091987609863e-01
1.319220066070556641e-01
5.433230400085449219e-01
5.165733098983764648e-01
4.455256760120391846e-01
3.379130661487579346e-01
1.735032945871353149e-01
8.055700063705444336e-01
3.957726955413818359e-01
4.542488157749176025e-01
9.675342589616775513e-02
4.342496693134307861e-01
8.293084800243377686e-02
1.668454855680465698e-01
5.935059785842895508e-01
2.473889589309692383e-01
2.895084321498870850e-01
2.588332593441009521e-01
4.690284132957458496e-01
1.435872912406921387e-01
5.206797719001770020e-01
5.260487645864486694e-02
2.140394449234008789e-01
4.620524644851684570e-01
2.253455519676208496e-01
2.339566349983215332e-01
6.425552070140838623e-02
1.924404203891754150e-01
9.147793054580688477e-03
1.193303763866424561e-01
3.509639576077461243e-02
2.892736196517944336e-01
3.775167167186737061e-01
3.522495925426483154e-01
1.290207803249359131e-01
5.262834429740905762e-01
2.704214155673980713e-01
1.851276159286499023e-01
1.035699546337127686e-01
6.265838146209716797e-01
1.917542666196823120e-01
1.686302423477172852e-01
3.829127922654151917e-02
4.132947027683258057e-01
4.437524080276489258e-01
2.691395580768585205e-01
3.735007643699645996e-01
6.364337205886840820e-01
2.173752188682556152e-01
1.347256898880004883e-01
1.510445028543472290e-03
2.862204015254974365e-01
1.880464851856231689e-01
7.173697948455810547e-01
2.316096611320972443e-02
4.833356142044067383e-01
1.129189855419099331e-03
7.219638228416442871e-01
2.774047553539276123e-01
1.795393824577331543e-01
1.371606290340423584e-01
7.424528598785400391e-01
8.684558421373367310e-02
4.912742376327514648e-01
3.531793355941772461e-01
6.854069828987121582e-01
3.617039918899536133e-01
2.815964519977569580e-01
3.351126909255981445e-01
1.885924339294433594e-01
8.196443319320678711e-02
2.878426015377044678e-01
2.750931382179260254e-01
1.664045900106430054e-01
1.998591125011444092e-01
2.478161901235580444e-01
2.537822723388671875e-01
8.398760110139846802e-02
4.196372926235198975e-01
4.925357401371002197e-01
3.166327476501464844e-01
6.086680293083190918e-01
4.107919037342071533e-01
2.906183898448944092e-01
3.007828593254089355e-01
6.074090003967285156e-01
5.039647817611694336e-01
2.821337282657623291e-01
2.947105467319488525e-01
2.685849368572235107e-01
4.851139783859252930e-01
5.037337541580200195e-01
1.000000000000000000e+00
6.295760273933410645e-01
5.841155052185058594e-01
4.028167128562927246e-01
2.831075489521026611e-01
1.065313816070556641e-01
1.180346980690956116e-01
2.797940671443939209e-01
6.212779879570007324e-02
9.093781113624572754e-01
1.397152543067932129e-01
2.806627452373504639e-01
4.885479807853698730e-01
4.390101730823516846e-01
4.478340148925781250e-01
2.725566029548645020e-01
5.381665229797363281e-01
1.925052702426910400e-02
1.893636072054505348e-03
2.516956627368927002e-02
2.048026919364929199e-01
2.225950360298156738e-01
1.760965436697006226e-01
2.428333759307861328e-01
4.106471240520477295e-01
4.070069491863250732e-01
1.387672126293182373e-01
7.477871179580688477e-01
2.660997211933135986e-02
7.663638144731521606e-02
2.077372372150421143e-01
3.810267746448516846e-01
5.663826465606689453e-01
5.577652454376220703e-01
3.260442316532135010e-01
3.820365071296691895e-01
2.423575147986412048e-02
1.008281018584966660e-03
4.668776392936706543e-01
8.612022995948791504e-01
5.952553153038024902e-01
3.782039582729339600e-01
2.729240953922271729e-01
4.257416427135467529e-01
4.726333916187286377e-01
3.925760388374328613e-01
4.472112953662872314e-01
3.158194422721862793e-01
1.336598247289657593e-01
1.550050377845764160e-01
2.451923042535781860e-01
1.378850191831588745e-01
3.541153371334075928e-01
3.060368001461029053e-01
4.055942296981811523e-01
5.095798969268798828e-01
3.348526358604431152e-01
2.364868521690368652e-01
4.363952577114105225e-01
5.978892445564270020e-01
3.672928810119628906e-01
6.635324358940124512e-01
3.293001949787139893e-01
7.823369503021240234e-01
1.630250513553619385e-01
3.886476755142211914e-01
3.216100037097930908e-01
4.346131086349487305e-01
3.817537426948547363e-01
3.517715632915496826e-01
3.639509975910186768e-01
3.453418910503387451e-01
3.320233821868896484e-01
3.792104125022888184e-01
5.079554319381713867e-01
2.359879165887832642e-01
1.471001356840133667e-01
1.288395822048187256e-01
1.936689317226409912e-01
5.074438452720642090e-01
2.337490767240524292e-01
3.172712326049804688e-01
3.281177580356597900e-01
1.758949160575866699e-01
5.429720878601074219e-01
4.805827438831329346e-01
4.643405079841613770e-01
1.371693462133407593e-01
1.856863647699356079e-01
4.479636251926422119e-01
5.163907408714294434e-01
6.308040022850036621e-01
5.046847462654113770e-01
4.253788590431213379e-01
7.840020060539245605e-01
9.668640494346618652e-01
2.728679180145263672e-01
2.280624955892562866e-01
3.021458387374877930e-01
4.034633338451385498e-01
1.033293157815933228e-01
3.052163422107696533e-01
4.089904725551605225e-01
8.409660309553146362e-02
8.879303932189941406e-02
1.929335743188858032e-01
7.507799863815307617e-01
2.824642062187194824e-01
4.022245407104492188e-01
5.754324793815612793e-01
1.265018433332443237e-01
1.927357316017150879e-01
5.996528863906860352e-01
4.282078444957733154e-01
4.671482145786285400e-01
2.947257161140441895e-01
2.360730767250061035e-01
2.620445489883422852e-01
4.206857085227966309e-01
3.277099132537841797e-01
3.901907801628112793e-01
2.435619831085205078e-01
2.978727817535400391e-01
5.326474905014038086e-01
5.143674612045288086e-01
9.898369759321212769e-02
2.120609879493713379e-01
2.580660581588745117e-01
7.050671577453613281e-01
4.383211731910705566e-01
2.043804824352264404e-01
3.625856935977935791e-01
3.246429264545440674e-01
4.237087666988372803e-01
2.079926431179046631e-02
0.000000000000000000e+00
