-2.339464426040649414e-01
-1.307614147663116455e-01
-6.075954297557473183e-04
6.182250753045082092e-02
-1.078892871737480164e-01
-1.334801167249679565e-01
4.627329111099243164e-02
-3.614159999415278435e-03
-2.032486200332641602e-01
1.419572532176971436e-02
-3.914851844310760498e-01
-6.022549420595169067e-02
4.436721801757812500e-01
-4.621939361095428467e-01
2.937418222427368164e-01
-7.638400793075561523e-02
-3.195888698101043701e-01
-5.120209231972694397e-02
1.122566610574722290e-01
2.361987531185150146e-01
6.071289628744125366e-02
2.379522472620010376e-01
4.638458788394927979e-01
7.729834318161010742e-02
-2.307060733437538147e-02
-2.483802475035190582e-02
3.006177246570587158e-01
-1.260234862565994263e-01
-2.400395870208740234e-01
4.816215112805366516e-02
5.046204477548599243e-02
-1.543682515621185303e-01
-5.648407340049743652e-02
5.562812089920043945e-01
8.177612721920013428e-02
-1.359186917543411255e-01
-2.679373025894165039e-01
-1.866092234849929810e-01
-2.835874632000923157e-02
-3.429461419582366943e-01
1.280955225229263306e-01
2.882336974143981934e-01
-8.156871795654296875e-02
4.026208445429801941e-02
5.860859528183937073e-02
1.715007573366165161e-01
-1.567835360765457153e-01
-2.115971893072128296e-01
1.113138645887374878e-01
-5.061885342001914978e-02
-6.958130002021789551e-02
-6.723839044570922852e-02
-3.032853901386260986e-01
-5.147835984826087952e-02
1.472182571887969971e-01
1.261358857154846191e-01
-1.998132616281509399e-01
-1.719000339508056641e-01
-1.777111589908599854e-01
-1.610484272241592407e-01
-1.162210851907730103e-02
-3.640016913414001465e-01
-9.613299742341041565e-03
-5.921755731105804443e-02
5.239974707365036011e-03
-2.430895343422889709e-02
-1.762138605117797852e-01
-2.363243550062179565e-01
1.611802130937576294e-01
5.796810984611511230e-02
5.459625646471977234e-02
2.168573625385761261e-02
6.547512114048004150e-02
3.360489308834075928e-01
1.845582276582717896e-01
-1.666519343852996826e-01
-1.878186017274856567e-01
5.065746903419494629e-01
8.262257277965545654e-02
2.546854317188262939e-01
9.288433194160461426e-02
-1.093224734067916870e-01
-5.211031809449195862e-02
1.446176022291183472e-01
2.916523516178131104e-01
-2.842722535133361816e-01
-6.389720737934112549e-02
1.508477330207824707e-01
8.164120465517044067e-02
1.906083673238754272e-01
-2.364636212587356567e-02
3.739633411169052124e-02
7.967612892389297485e-02
1.643905602395534515e-02
2.929007820785045624e-02
6.740636378526687622e-02
6.351806968450546265e-02
-3.790066763758659363e-02
8.403450250625610352e-03
1.302286237478256226e-02
-1.536923460662364960e-02
-1.301038637757301331e-02
-6.982035934925079346e-02
3.162114694714546204e-02
-7.047601044178009033e-02
9.276546537876129150e-02
3.205157816410064697e-02
1.091167912818491459e-03
-8.465354144573211670e-02
-3.777248784899711609e-02
1.107895374298095703e-02
3.022297099232673645e-02
-7.956224493682384491e-03
6.972863525152206421e-02
-3.976694867014884949e-02
1.505366433411836624e-02
9.038290008902549744e-03
5.681598186492919922e-02
-7.178009301424026489e-02
8.418065495789051056e-03
-1.841403543949127197e-02
1.978711038827896118e-02
5.186633765697479248e-02
1.968997530639171600e-02
-5.318410694599151611e-02
5.943000782281160355e-03
8.803133666515350342e-02
1.496320031583309174e-02
7.420448958873748779e-02
-1.299536414444446564e-02
-2.934801019728183746e-02
-2.563329041004180908e-02
1.051128432154655457e-01
-3.113128989934921265e-02
3.197688609361648560e-02
-2.476515807211399078e-02
-7.651019841432571411e-02
2.158947754651308060e-03
-4.648178815841674805e-03
-1.714307814836502075e-02
-6.705562770366668701e-02
-2.563456259667873383e-02
-7.272336632013320923e-03
-1.642854325473308563e-02
7.484865188598632812e-02
-2.097954973578453064e-02
2.421902492642402649e-02
-8.227583020925521851e-03
-6.120484694838523865e-02
2.634600270539522171e-03
4.118617624044418335e-02
6.617364287376403809e-02
-2.903997525572776794e-02
-1.388451084494590759e-02
-1.144782677292823792e-01
-5.920219700783491135e-03
-2.389465831220149994e-02
2.969146706163883209e-02
-3.156649693846702576e-02
-3.116413764655590057e-02
1.042931526899337769e-02
4.207173734903335571e-02
2.410106360912322998e-01
4.610905423760414124e-02
1.029807957820594311e-03
-1.918575353920459747e-02
-2.566806226968765259e-02
-1.555350571870803833e-01
-5.309791117906570435e-02
-3.529811277985572815e-02
4.825717210769653320e-02
-4.018307081423699856e-04
-1.077026650309562683e-01
-4.414309188723564148e-02
-1.497786771506071091e-02
5.279000476002693176e-02
-3.642888739705085754e-02
-1.023386139422655106e-03
1.153833232820034027e-03
1.913818530738353729e-02
2.396652996540069580e-01
1.757238619029521942e-02
3.309078514575958252e-02
-3.043530881404876709e-02
1.444668918848037720e-01
4.316321015357971191e-02
-9.806745499372482300e-02
2.679398749023675919e-03
-2.151324599981307983e-02
-9.232404828071594238e-02
-5.510473251342773438e-02
5.323577672243118286e-02
4.385339468717575073e-02
1.454667299985885620e-01
-8.653879910707473755e-02
-6.151661276817321777e-02
5.278605967760086060e-02
-1.129279881715774536e-01
1.049973219633102417e-01
1.570027321577072144e-01
-9.143217653036117554e-02
-1.395894438028335571e-01
4.766655713319778442e-02
-1.185362488031387329e-01
3.094222843647003174e-01
1.334269940853118896e-01
1.128805503249168396e-01
5.323890596628189087e-03
-1.495088189840316772e-01
5.901369079947471619e-02
-4.761605337262153625e-02
-1.469492614269256592e-01
-7.584603130817413330e-02
9.883157163858413696e-02
-9.180360287427902222e-02
1.669988483190536499e-01
2.841409444808959961e-01
-1.056541502475738525e-02
1.976576745510101318e-01
-8.375791460275650024e-02
1.266306042671203613e-01
-4.945047199726104736e-02
3.001706115901470184e-02
-1.340703815221786499e-01
-1.912378072738647461e-01
-1.891544163227081299e-01
-1.205558795481920242e-02
-9.502456337213516235e-02
-8.081693947315216064e-02
3.170388042926788330e-01
2.327620610594749451e-02
-6.634908914566040039e-02
-1.791829317808151245e-01
2.153627574443817139e-01
9.778278321027755737e-02
8.899063616991043091e-02
5.742511153221130371e-02
1.281457245349884033e-01
-5.503120645880699158e-02
-6.178579106926918030e-02
-2.064006626605987549e-01
1.103662140667438507e-02
-5.404600873589515686e-02
1.227234601974487305e-01
-2.041621655225753784e-01
-9.864094853401184082e-02
2.094180881977081299e-02
-9.768331050872802734e-02
1.657613664865493774e-01
-1.475020945072174072e-01
-7.402952015399932861e-02
-1.307811588048934937e-01
-1.594270169734954834e-01
-9.499998850515112281e-05
-1.357109844684600830e-01
-7.075756788253784180e-02
4.971468821167945862e-02
-3.085765801370143890e-02
-1.061916071921586990e-02
6.909555941820144653e-02
-2.806085944175720215e-01
2.166659198701381683e-02
4.207721352577209473e-02
-8.077040314674377441e-02
-1.044996082782745361e-01
6.390440464019775391e-02
-1.070233806967735291e-01
-1.675647944211959839e-01
-2.283439636230468750e-01
-2.451914250850677490e-01
2.422720193862915039e-01
-2.729394473135471344e-03
-2.288093790411949158e-02
-6.146969273686408997e-02
9.013018012046813965e-02
9.942196309566497803e-02
3.333331272006034851e-02
-9.575596079230308533e-03
-3.201286494731903076e-02
3.763938322663307190e-02
8.416846394538879395e-02
1.103940308094024658e-01
-2.596732415258884430e-02
-2.222964465618133545e-01
-1.201784983277320862e-02
2.241714894771575928e-01
-4.306592419743537903e-02
-5.830213800072669983e-02
-6.795656681060791016e-02
1.092373803257942200e-01
-2.474484406411647797e-02
-7.362270355224609375e-02
-2.132864743471145630e-01
-5.399882793426513672e-02
-5.920882523059844971e-02
-1.660253852605819702e-02
-1.887319050729274750e-02
-7.979648560285568237e-02
-1.370341330766677856e-01
1.516529619693756104e-01
6.355585157871246338e-02
1.497119665145874023e-01
-1.898659467697143555e-01
-7.947535812854766846e-02
-4.407159984111785889e-02
-1.576491445302963257e-01
-3.092799186706542969e-01
4.176276177167892456e-02
-9.414611011743545532e-02
5.009539797902107239e-02
6.104465946555137634e-02
-9.398656338453292847e-02
5.225853994488716125e-03
-4.871778935194015503e-02
6.754800677299499512e-02
-5.460375547409057617e-02
2.751887217164039612e-02
9.571785479784011841e-02
-5.075777322053909302e-02
-4.048932716250419617e-02
9.886352717876434326e-02
1.831922866404056549e-02
6.710141897201538086e-02
2.266076207160949707e-02
9.555004537105560303e-02
-5.658532679080963135e-02
3.950730711221694946e-02
6.070621684193611145e-02
-5.991964042186737061e-02
1.207358539104461670e-01
7.151676341891288757e-03
-4.820415377616882324e-02
4.454095661640167236e-02
1.433315593749284744e-02
-7.877083122730255127e-02
7.676555216312408447e-02
-8.949171751737594604e-02
1.509968563914299011e-02
-3.481114283204078674e-02
1.005038246512413025e-01
9.701623022556304932e-02
-4.152641072869300842e-02
-1.773580610752105713e-01
6.402509659528732300e-02
6.698454916477203369e-02
1.209417060017585754e-01
-1.606201753020286560e-02
1.285515874624252319e-01
2.258121222257614136e-02
-9.233647584915161133e-02
-1.070024818181991577e-01
-1.808238029479980469e-01
7.602086663246154785e-02
8.613304048776626587e-02
-1.170841753482818604e-01
-1.055730357766151428e-01
-2.380160391330718994e-01
-5.634110420942306519e-03
-3.603105992078781128e-02
-1.424187421798706055e-01
