2.354537835344672203e-03
-6.396613083779811859e-03
2.976116240024566650e-01
-9.009175002574920654e-03
9.956805109977722168e-01
-1.342029571533203125e-01
-5.502021908760070801e-01
-9.338966608047485352e-01
3.408696647966280580e-05
5.507470369338989258e-01
4.233345316606573761e-05
6.161784529685974121e-01
9.516096860170364380e-02
1.288788672536611557e-02
3.351784253027290106e-04
-1.889951410703361034e-03
1.957796812057495117e+00
-1.454845551052130759e-05
-9.798440150916576385e-04
-6.465978026390075684e-01
-3.375678360462188721e-01
3.866557776927947998e-01
6.220169598236680031e-05
2.474034130573272705e-01
9.172984864562749863e-04
-4.475481808185577393e-01
-2.234379053115844727e-01
1.287628293037414551e+00
1.412438141414895654e-04
9.365378355141729116e-05
-6.643828819505870342e-04
-6.291886529652401805e-05
-1.578301191329956055e-01
-9.375957250595092773e-01
4.513247609138488770e-01
1.342721097171306610e-02
4.027738273143768311e-01
-2.419163240119814873e-03
2.169671505689620972e-01
-1.140245079994201660e+00
-2.088671773672103882e-01
1.195375443785451353e-04
6.587289273738861084e-02
2.004631608724594116e-01
4.165431857109069824e-01
1.074893516488373280e-03
-8.393727330258116126e-05
-4.908272325992584229e-01
-3.923977315425872803e-01
1.995926946401596069e-01
-9.000848531723022461e-01
7.611406617797911167e-04
-9.990430407924577594e-05
1.583561748266220093e-01
2.524812298361212015e-04
1.338019967079162598e-02
1.515441108494997025e-04
6.013418436050415039e-01
-1.307312049902975559e-04
-2.554315506131388247e-05
-3.518449142575263977e-02
-6.424977183341979980e-01
1.950471282005310059e+00
-5.566123872995376587e-02
3.001938164234161377e-01
2.018149495124816895e-01
2.982097794301807880e-04
5.496733784675598145e-01
-3.504850268363952637e-01
-1.834622962633147836e-04
-1.159031152725219727e+00
-9.198183417320251465e-01
2.616913914680480957e-01
-2.748456001281738281e-01
2.912274248956236988e-05
7.337681949138641357e-02
-7.447670102119445801e-01
-1.416900753974914551e-02
-8.390331864356994629e-01
-9.984814096242189407e-05
6.509262137115001678e-03
1.135186627507209778e-01
-6.281995773315429688e-01
-1.990304440259933472e-01
-7.543563842773437500e-01
-5.416215572040528059e-05
7.583175902254879475e-04
5.428906530141830444e-02
2.134092748165130615e-01
-1.384146809577941895e-01
6.909025311470031738e-01
9.754309654235839844e-01
2.087150933220982552e-03
8.021644502878189087e-02
7.385651767253875732e-02
-3.288199603557586670e-01
8.184228837490081787e-02
-1.632209867238998413e-01
9.549808502197265625e-01
-2.222068433184176683e-04
-2.996643306687474251e-03
2.863071858882904053e-01
3.187076072208583355e-04
-1.617096568224951625e-04
-2.582249939441680908e-01
6.647114157676696777e-01
-1.400270994054153562e-04
-2.128291816916316748e-04
3.235520329326391220e-03
-8.732511848211288452e-02
-1.401815097779035568e-03
-6.162008047103881836e-01
3.205485199941904284e-06
6.204796954989433289e-05
4.820140078663825989e-02
7.744594216346740723e-01
5.854837581864558160e-05
-1.609476632438600063e-03
-7.851611822843551636e-02
2.226000726222991943e-01
-3.814145165961235762e-04
-1.488262861967086792e-01
1.446900703012943268e-02
4.017909988760948181e-02
4.232907593250274658e-01
-1.572491288185119629e+00
6.212972104549407959e-03
6.260306239128112793e-01
1.629860252141952515e-01
2.043177485466003418e-01
-7.158510561566799879e-05
-2.917412901297211647e-03
-1.293359036935726181e-05
3.601266944315284491e-04
-1.859381198883056641e-01
-2.235725969076156616e-01
-1.076594435289734975e-05
8.458380103111267090e-01
-3.231149457860738039e-04
-3.109853132627904415e-04
-7.829308742657303810e-05
9.301873296499252319e-02
-1.039376438711769879e-04
-1.660400768741965294e-03
8.700519204139709473e-01
9.438620880246162415e-03
-1.344242919003590941e-04
2.787612720567267388e-05
2.038828283548355103e-02
-5.417042374610900879e-01
2.569117583334445953e-03
5.510778166353702545e-03
-4.292170517146587372e-03
1.443633437156677246e+00
2.943199574947357178e-01
-8.980141719803214073e-04
-1.358448714017868042e-01
-1.268383493879809976e-04
6.389848589897155762e-01
-7.892797589302062988e-01
1.215972542762756348e+00
6.227350328117609024e-03
9.973684325814247131e-03
1.628845743834972382e-02
-5.464971036417409778e-05
5.231693983078002930e-01
3.633986115455627441e-01
-3.511342778801918030e-02
-4.532029925030656159e-05
-2.289686910808086395e-02
3.823514562100172043e-03
2.538965549319982529e-03
5.209582448005676270e-01
-7.573925256729125977e-01
3.343317508697509766e-01
-4.135799407958984375e-01
-1.239329203963279724e-02
9.222303924616426229e-05
2.630985400173813105e-04
2.159727215766906738e-01
1.203440904617309570e+00
-1.078183850040659308e-04
7.260835845954716206e-04
1.172419190406799316e-01
-8.310065459227189422e-05
-1.639808297157287598e+00
-8.244923353195190430e-01
9.481119513511657715e-01
-5.018949508666992188e-03
1.437419950962066650e-01
1.012742795865051448e-04
-6.048897746950387955e-03
1.864682435989379883e-01
1.007397890090942383e+00
6.888405680656433105e-01
1.859343028627336025e-03
-4.286128878593444824e-01
-2.078183181583881378e-02
6.238278150558471680e-01
-1.105850096791982651e-02
-5.409449711441993713e-02
-4.157645404338836670e-01
-3.983320891857147217e-01
-1.546715945005416870e-01
-4.085906967520713806e-02
-3.553115675458684564e-05
-1.413656473159790039e-01
-3.392049074172973633e-01
-2.296579331159591675e-01
-1.473356387577950954e-04
2.340511232614517212e-02
1.366517066955566406e+00
4.267946183681488037e-01
7.285505533218383789e-02
-8.799906820058822632e-03
-5.239183902740478516e-01
1.065460920333862305e+00
-2.835764884948730469e-01
-2.657440900802612305e-01
9.787640571594238281e-01
7.375887036323547363e-01
-3.337173461914062500e-01
6.104975938796997070e-01
4.271686702850274742e-05
2.203504592180252075e-01
-1.113852486014366150e-04
1.520788073539733887e-01
-4.505071789026260376e-02
-1.926473155617713928e-02
-1.304107457399368286e-01
-1.860870048403739929e-02
4.767981171607971191e-01
-1.143524408340454102e+00
-5.625450611114501953e-02
-1.567209362983703613e-01
9.882097401714418083e-06
-1.076635718345642090e-01
2.529685795307159424e-01
1.974579754460137337e-05
-8.658803417347371578e-04
-5.312538146972656250e-01
1.408128976821899414e+00
1.751759201288223267e-01
1.582637242972850800e-02
4.070233553647994995e-02
2.305154630448669195e-04
4.503826200962066650e-01
1.129014981415821239e-05
9.103538393974304199e-01
1.604616880416870117e+00
3.742620174307376146e-04
5.744575858116149902e-01
3.384709270903840661e-05
7.840266334824264050e-06
4.665828496217727661e-02
2.858000434935092926e-02
1.511947661638259888e-01
2.592621929943561554e-02
1.194553077220916748e-02
-1.856124401092529297e-01
-9.600436687469482422e-02
1.498264539986848831e-02
2.869570851325988770e-01
1.465331390500068665e-02
-2.873535081744194031e-02
1.013202927424572408e-04
-4.033739268779754639e-01
5.554462075233459473e-01
2.405187296972144395e-05
3.944009244441986084e-01
-2.612143871374428272e-04
9.850162081420421600e-03
-9.547039866447448730e-03
1.744441241025924683e-01
-6.353076100349426270e-01
-9.238886833190917969e-02
1.973683387041091919e-01
7.859677672386169434e-01
-5.586630851030349731e-02
2.438904484733939171e-04
1.288444757461547852e+00
-1.388341635465621948e-01
-7.354019880294799805e-01
-7.384865544736385345e-03
-1.632460206747055054e-02
-5.144169330596923828e-01
7.088478803634643555e-01
9.708663821220397949e-01
-4.504522681236267090e-01
-5.189634248381480575e-05
7.756188511848449707e-02
-1.593904162291437387e-04
6.908621639013290405e-03
-2.512619175831787288e-05
2.245631330879405141e-04
3.935708999633789062e-01
-8.432610630989074707e-01
-1.993492245674133301e-03
1.295466423034667969e+00
-4.057925939559936523e-02
6.909703835844993591e-03
-1.457178473472595215e+00
3.868106519803404808e-03
-2.967588901519775391e-01
-3.075654804706573486e-01
-5.818536877632141113e-02
-2.690609653654973954e-05
-4.100264012813568115e-01
5.857266187667846680e-01
-3.003014922142028809e-01
-5.841742828488349915e-02
9.432607330381870270e-04
1.183447763323783875e-01
4.085594846401363611e-04
9.272239208221435547e-01
5.820745229721069336e-01
-5.190038084983825684e-01
1.348799839615821838e-02
7.893282175064086914e-02
-1.201647877693176270e+00
-2.163431495428085327e-01
-3.618256449699401855e-01
6.535212993621826172e-01
-3.951541781425476074e-01
4.911351948976516724e-03
-2.066266909241676331e-02
-7.422739872708916664e-04
-1.144217550754547119e-01
-2.519650843169074506e-05
8.754950761795043945e-01
8.982342481613159180e-02
4.345115721225738525e-01
1.702611825749045238e-06
-2.352590858936309814e-01
3.502352337818592787e-04
-3.814007341861724854e-02
-1.615438610315322876e-01
1.247032165527343750e+00
3.190993797034025192e-03
-6.885105967521667480e-01
-2.958031254820525646e-04
4.693044320447370410e-05
9.473395766690373421e-04
4.854704812169075012e-02
-1.685341745615005493e-01
-1.011266559362411499e-01
2.255827635526657104e-01
-1.354142725467681885e-01
-1.684372691670432687e-04
-4.388355184346437454e-03
-7.739647626876831055e-01
-1.965858391486108303e-04
-6.538733374327421188e-03
8.883022665977478027e-01
6.616530299652367830e-05
-3.577717393636703491e-02
3.244594857096672058e-02
1.007616743445396423e-01
1.198195815086364746e-01
-1.052932977676391602e+00
