4.672406017780303955e-01
1.009404957294464111e-01
1.611607074737548828e-01
1.479891091585159302e-01
6.056947708129882812e-01
1.841050982475280762e-01
2.163839042186737061e-01
2.691214382648468018e-01
4.698283970355987549e-01
1.330181509256362915e-01
3.473173379898071289e-01
5.368669331073760986e-02
5.096595287322998047e-01
1.461280733346939087e-01
6.067851781845092773e-01
3.689083456993103027e-01
2.860193550586700439e-01
3.258205950260162354e-02
3.033180832862854004e-01
5.932972580194473267e-02
3.326414227485656738e-01
4.041526615619659424e-01
1.000000000000000000e+00
3.759621381759643555e-01
5.204246565699577332e-02
9.777065366506576538e-02
1.446242183446884155e-01
1.721478998661041260e-01
3.287182152271270752e-01
3.137536048889160156e-01
2.126217782497406006e-01
6.041324138641357422e-01
1.944713890552520752e-01
4.367551207542419434e-01
5.565993022173643112e-03
4.504604935646057129e-01
6.995701789855957031e-02
2.213710546493530273e-01
1.617753063328564167e-03
4.025125205516815186e-01
1.191291213035583496e-01
2.602514326572418213e-01
4.849260449409484863e-01
2.225816249847412109e-01
3.908782899379730225e-01
9.618227183818817139e-02
3.574628829956054688e-01
2.996073067188262939e-01
3.011070564389228821e-02
3.498671054840087891e-01
1.182636991143226624e-01
1.316654384136199951e-01
1.204369142651557922e-01
2.526695132255554199e-01
4.270521402359008789e-01
1.203393861651420593e-01
1.260616034269332886e-01
7.202353328466415405e-02
2.072720378637313843e-01
2.092028595507144928e-02
1.762754470109939575e-02
2.710152268409729004e-01
3.546687066555023193e-01
3.489485979080200195e-01
3.786328136920928955e-01
5.804132223129272461e-01
5.127004981040954590e-01
1.771605387330055237e-02
4.999143071472644806e-03
5.072944164276123047e-01
4.745755195617675781e-01
4.086184501647949219e-01
4.165196716785430908e-01
6.130809783935546875e-01
3.076038956642150879e-01
6.880835294723510742e-01
1.473930776119232178e-01
6.070648133754730225e-02
5.809216946363449097e-02
4.263780117034912109e-01
4.182640612125396729e-01
4.349590539932250977e-01
4.083104431629180908e-01
4.706918001174926758e-01
2.763816416263580322e-01
2.313760668039321899e-01
5.522558093070983887e-01
3.310214877128601074e-01
7.561425864696502686e-02
3.158921375870704651e-02
1.916177719831466675e-01
3.022596240043640137e-01
2.306725978851318359e-01
3.582236170768737793e-01
1.629542261362075806e-01
1.913222074508666992e-01
2.471537142992019653e-01
6.854157894849777222e-02
5.328279137611389160e-01
5.079839229583740234e-01
1.675256043672561646e-01
1.881150454282760620e-01
1.443769186735153198e-01
1.199228242039680481e-01
5.243776738643646240e-02
1.436050087213516235e-01
1.134180203080177307e-01
5.196734070777893066e-01
2.652608156204223633e-01
7.190887629985809326e-02
1.643599420785903931e-01
2.350015193223953247e-02
2.362621277570724487e-01
4.419934153556823730e-01
1.173638924956321716e-01
6.207318976521492004e-02
4.375479817390441895e-01
2.559741735458374023e-01
3.554761111736297607e-01
2.684809267520904541e-01
1.037122216075658798e-02
4.039809703826904297e-01
3.277208209037780762e-01
1.771276071667671204e-02
2.724324585869908333e-03
1.080441623926162720e-01
9.775170683860778809e-02
3.059547543525695801e-01
6.979420185089111328e-01
6.785030961036682129e-01
1.474526971578598022e-01
3.266880810260772705e-01
2.750838696956634521e-01
1.880862563848495483e-02
1.572213484905660152e-03
3.618824481964111328e-01
1.492120623588562012e-01
4.152503237128257751e-02
8.730283379554748535e-02
2.776495367288589478e-02
2.536686658859252930e-01
2.358260899782180786e-01
5.192320346832275391e-01
3.372315168380737305e-01
9.787444770336151123e-02
1.758359074592590332e-01
7.964679598808288574e-01
2.404306270182132721e-02
3.066194057464599609e-01
3.479833304882049561e-01
8.451667428016662598e-01
8.486736565828323364e-02
2.043347358703613281e-01
6.263781785964965820e-01
6.661058217287063599e-02
2.937380075454711914e-01
2.676914632320404053e-01
5.047589540481567383e-02
1.141642630100250244e-01
1.072245836257934570e-01
1.106840148568153381e-01
4.477178305387496948e-02
5.594745874404907227e-01
2.266696989536285400e-01
1.352981626987457275e-01
1.365461200475692749e-01
8.161872625350952148e-01
6.217293068766593933e-02
1.629587709903717041e-01
4.738960564136505127e-01
3.308758735656738281e-01
9.480239450931549072e-02
2.024133950471878052e-01
3.308604955673217773e-01
3.854335099458694458e-02
9.717603027820587158e-02
1.877042204141616821e-01
9.030597284436225891e-03
6.673493236303329468e-02
1.226562783122062683e-01
2.304373234510421753e-01
6.782913953065872192e-02
1.658782511949539185e-01
4.419543147087097168e-01
2.815989851951599121e-01
7.052350044250488281e-01
3.928431570529937744e-01
1.090335994958877563e-01
3.424125313758850098e-01
4.431818053126335144e-02
3.648319244384765625e-01
1.590633690357208252e-01
3.729723393917083740e-01
2.858608663082122803e-01
3.083851933479309082e-01
1.259883493185043335e-01
3.136509656906127930e-02
2.811598181724548340e-01
1.543107926845550537e-01
1.580832153558731079e-01
6.185809522867202759e-02
1.148010790348052979e-01
3.101395070552825928e-01
1.143222674727439880e-01
7.839015722274780273e-01
1.051667779684066772e-01
2.164489626884460449e-01
3.266383334994316101e-02
4.322426021099090576e-01
3.892861008644104004e-01
5.957337021827697754e-01
2.668663561344146729e-01
4.459694623947143555e-01
1.640163958072662354e-01
2.116827815771102905e-01
6.551314890384674072e-02
2.786372601985931396e-01
9.510969743132591248e-03
8.346239328384399414e-01
2.975861430168151855e-01
5.849191546440124512e-01
2.982208132743835449e-01
3.926637172698974609e-01
3.999994602054357529e-03
2.405557483434677124e-01
4.371487498283386230e-01
5.004782080650329590e-01
3.326825797557830811e-02
2.629590332508087158e-01
2.528892457485198975e-01
5.394430756568908691e-01
1.124430745840072632e-01
3.065438270568847656e-01
5.713105201721191406e-01
3.387212753295898438e-01
2.926464080810546875e-01
1.604024022817611694e-01
4.462756216526031494e-01
5.555691197514533997e-02
3.224681317806243896e-02
6.382753700017929077e-02
4.130038917064666748e-01
4.016378521919250488e-01
5.603837370872497559e-01
2.567476034164428711e-01
1.350011974573135376e-01
2.472090907394886017e-02
1.955132484436035156e-01
2.711158394813537598e-01
3.416731357574462891e-01
3.744122087955474854e-01
4.378399252891540527e-01
1.189474835991859436e-01
1.744513213634490967e-01
9.431043863296508789e-01
8.251768350601196289e-02
3.783976659178733826e-03
4.718757271766662598e-01
4.572098553180694580e-01
1.027775630354881287e-01
5.447512865066528320e-01
1.581971347332000732e-01
4.827016890048980713e-01
1.879144310951232910e-01
1.179194599390029907e-01
1.849623471498489380e-01
2.818590998649597168e-01
3.073603808879852295e-01
4.478552043437957764e-01
3.278629779815673828e-01
1.359080821275711060e-01
8.802114427089691162e-02
7.607190310955047607e-02
1.568181216716766357e-01
3.255050182342529297e-01
9.259372204542160034e-02
1.043690815567970276e-01
5.637265741825103760e-02
1.350591778755187988e-01
4.398121237754821777e-01
8.524258434772491455e-02
2.052296698093414307e-01
4.183298945426940918e-01
3.114065527915954590e-01
1.879573613405227661e-01
1.734387874603271484e-01
2.892371416091918945e-01
1.649426370859146118e-01
3.529852330684661865e-01
1.206286549568176270e-01
1.108189523220062256e-01
1.471090614795684814e-01
3.657020032405853271e-01
5.562470555305480957e-01
1.110222414135932922e-01
3.011656999588012695e-01
5.922725051641464233e-02
7.123556733131408691e-02
3.664188385009765625e-01
6.284311413764953613e-01
7.670889794826507568e-02
2.077497914433479309e-02
5.788544192910194397e-02
6.556261181831359863e-01
1.407006084918975830e-01
1.781156212091445923e-01
2.113685160875320435e-01
1.422279775142669678e-01
4.923636019229888916e-01
6.470167040824890137e-01
4.415506124496459961e-01
4.052658677101135254e-01
2.550134062767028809e-01
3.479541242122650146e-01
7.887898087501525879e-01
4.059137105941772461e-01
1.638347059488296509e-01
1.896010637283325195e-01
6.789172291755676270e-01
1.364429444074630737e-01
3.020343780517578125e-01
1.237485632300376892e-01
5.234571695327758789e-01
6.385652720928192139e-02
5.021326988935470581e-02
3.563587963581085205e-01
1.527058929204940796e-01
1.105791553854942322e-01
1.522544175386428833e-01
1.896656900644302368e-01
9.909279644489288330e-03
7.548765838146209717e-02
3.869088888168334961e-01
4.689683318138122559e-01
7.277243733406066895e-01
4.029955267906188965e-01
0.000000000000000000e+00
1.051730364561080933e-01
4.122787341475486755e-02
5.119205713272094727e-01
7.309105992317199707e-01
1.707497090101242065e-01
1.995109617710113525e-01
3.647857904434204102e-01
3.907743096351623535e-01
9.681761264801025391e-02
1.193725466728210449e-01
8.193336427211761475e-02
2.361204177141189575e-01
3.224490582942962646e-01
1.261423081159591675e-01
6.023632287979125977e-01
1.291210297495126724e-03
4.118907749652862549e-01
1.451791524887084961e-01
2.510689795017242432e-01
5.320934653282165527e-01
3.344891667366027832e-01
6.782091259956359863e-01
1.360283941030502319e-01
