4.601762592792510986e-01
1.775636710226535797e-02
3.082224428653717041e-01
2.447843849658966064e-01
4.637005329132080078e-01
1.757158488035202026e-01
1.925167888402938843e-01
2.603825926780700684e-01
2.759355902671813965e-01
8.174232393503189087e-02
2.949306964874267578e-01
5.261953175067901611e-02
4.892697632312774658e-01
3.116716742515563965e-01
5.561589002609252930e-01
3.143027424812316895e-01
2.843248248100280762e-01
2.709797956049442291e-02
2.788752019405364990e-01
3.650855273008346558e-02
5.359457805752754211e-02
1.881611645221710205e-01
1.000000000000000000e+00
4.776858687400817871e-01
9.938336908817291260e-02
3.789845854043960571e-02
1.875746548175811768e-01
4.184689745306968689e-02
4.425153732299804688e-01
8.934502303600311279e-02
2.731688618659973145e-01
5.870872735977172852e-01
1.387254446744918823e-01
4.527987837791442871e-01
4.899181053042411804e-02
3.407304883003234863e-01
1.043936014175415039e-01
2.629025280475616455e-01
2.426988817751407623e-02
4.344874620437622070e-01
3.202673792839050293e-01
1.814362108707427979e-01
3.039424121379852295e-01
1.704118587076663971e-02
3.574245274066925049e-01
9.878512471914291382e-02
4.137246608734130859e-01
3.053337931632995605e-01
2.035750448703765869e-01
4.068574905395507812e-01
1.324529796838760376e-01
2.032720595598220825e-01
8.706048130989074707e-02
3.499661386013031006e-01
2.527113854885101318e-01
1.939850151538848877e-01
1.651608347892761230e-01
1.066873893141746521e-01
2.470302581787109375e-01
2.694574929773807526e-02
2.333511039614677429e-02
2.172326296567916870e-01
3.923963010311126709e-01
4.011411964893341064e-01
4.042193591594696045e-01
3.471542596817016602e-01
4.950512349605560303e-01
3.321290016174316406e-02
5.582081526517868042e-02
5.978689789772033691e-01
4.940074086189270020e-01
4.495063424110412598e-01
3.171716034412384033e-01
5.894518494606018066e-01
2.944158911705017090e-01
6.002936363220214844e-01
1.434741765260696411e-01
3.039122745394706726e-02
0.000000000000000000e+00
2.738378643989562988e-01
4.011320471763610840e-01
4.655126333236694336e-01
3.977318108081817627e-01
5.200849771499633789e-01
3.829007744789123535e-01
2.017687112092971802e-01
6.305966973304748535e-01
1.902023702859878540e-01
5.686546117067337036e-02
6.224079430103302002e-02
1.249995157122612000e-01
3.682957887649536133e-01
6.974509917199611664e-03
3.373088836669921875e-01
1.535524427890777588e-01
1.618459671735763550e-01
1.310614496469497681e-01
6.059252470731735229e-02
3.538048267364501953e-01
3.702067136764526367e-01
2.409966886043548584e-01
3.527073860168457031e-01
5.507944896817207336e-02
2.277060449123382568e-01
8.902140706777572632e-02
9.818354994058609009e-02
4.204115830361843109e-03
4.952131509780883789e-01
2.356404811143875122e-01
4.522622004151344299e-02
8.598274737596511841e-02
3.274510055780410767e-02
2.207437753677368164e-01
4.054254889488220215e-01
1.521144807338714600e-01
5.578552559018135071e-02
4.266676902770996094e-01
8.351840078830718994e-02
1.474829614162445068e-01
2.901557385921478271e-01
2.333956956863403320e-01
4.111929237842559814e-01
2.727131247520446777e-01
1.697036325931549072e-01
1.685680449008941650e-02
7.664708048105239868e-02
2.209453843533992767e-02
1.174890249967575073e-01
6.891908645629882812e-01
6.237054467201232910e-01
2.101136445999145508e-01
2.970419824123382568e-01
2.948149740695953369e-01
4.437556862831115723e-02
1.797634810209274292e-01
3.490231037139892578e-01
9.001176804304122925e-03
1.151008605957031250e-01
8.405359834432601929e-02
5.139238201081752777e-03
2.103997170925140381e-01
1.673830747604370117e-01
4.762865006923675537e-01
3.800247013568878174e-01
1.106229703873395920e-02
1.494183242321014404e-01
5.521826744079589844e-01
2.589312195777893066e-01
3.664943277835845947e-01
3.507004678249359131e-01
7.476081252098083496e-01
2.127780169248580933e-01
7.571481168270111084e-02
5.661649107933044434e-01
1.137231513857841492e-01
2.409062981605529785e-01
3.113090395927429199e-01
8.863727562129497528e-03
5.926647037267684937e-02
5.263919755816459656e-02
2.485550753772258759e-02
9.575954638421535492e-03
5.390363335609436035e-01
2.054071426391601562e-01
7.823155075311660767e-02
1.229319870471954346e-01
7.337772250175476074e-01
2.118004299700260162e-02
1.223180219531059265e-01
4.850500822067260742e-01
1.701945811510086060e-01
1.123356744647026062e-01
2.015898376703262329e-01
4.566594660282135010e-01
5.175413191318511963e-02
1.194933280348777771e-01
3.025287091732025146e-01
3.842275356873869896e-03
9.041009843349456787e-02
6.258967518806457520e-02
1.503353565931320190e-01
8.429251611232757568e-02
6.391822546720504761e-02
4.214130342006683350e-01
2.717522680759429932e-01
6.658717393875122070e-01
3.113504052162170410e-01
2.085252702236175537e-01
4.851104021072387695e-01
5.811445415019989014e-02
3.602135777473449707e-01
7.358900457620620728e-02
2.193901240825653076e-01
3.114321231842041016e-01
1.896511912345886230e-01
1.143408641219139099e-01
5.752779170870780945e-02
4.225724637508392334e-01
2.423070557415485382e-02
1.741740703582763672e-01
7.681304216384887695e-02
1.075300723314285278e-01
1.892028898000717163e-01
3.140480816364288330e-01
6.336281895637512207e-01
1.597629040479660034e-01
4.865215718746185303e-02
3.171736374497413635e-02
4.243371784687042236e-01
3.886098861694335938e-01
5.013003945350646973e-01
3.468377590179443359e-01
2.308365255594253540e-01
2.618481777608394623e-02
4.285124316811561584e-02
6.384397298097610474e-02
3.043544664978981018e-02
2.558616995811462402e-01
6.887486577033996582e-01
2.995949387550354004e-01
4.012821018695831299e-01
3.086511194705963135e-01
4.026429355144500732e-01
6.189904734492301941e-02
4.075768589973449707e-02
4.629534780979156494e-01
5.427053570747375488e-01
2.508371323347091675e-02
2.680355906486511230e-01
3.128168284893035889e-01
4.295335114002227783e-01
7.593873888254165649e-02
3.430231809616088867e-01
4.116307795047760010e-01
3.516005277633666992e-01
2.399041503667831421e-01
3.013168573379516602e-01
4.803033769130706787e-01
2.892776764929294586e-02
1.934561431407928467e-01
1.289354860782623291e-01
3.569363355636596680e-01
1.669750064611434937e-01
2.786901593208312988e-01
1.778741925954818726e-01
1.931833773851394653e-01
4.786179587244987488e-02
3.620270267128944397e-02
2.322455644607543945e-01
2.987954318523406982e-01
3.372827172279357910e-01
4.335764646530151367e-01
1.837843954563140869e-01
2.121280431747436523e-01
7.188984155654907227e-01
2.364186346530914307e-01
2.519775554537773132e-02
5.242479443550109863e-01
4.616532325744628906e-01
8.766985684633255005e-02
5.390971302986145020e-01
1.024141609668731689e-01
5.724295377731323242e-01
8.789370208978652954e-02
8.458018302917480469e-02
1.049869656562805176e-01
1.668517589569091797e-01
2.659249901771545410e-01
4.834288060665130615e-01
3.594454228878021240e-01
2.105672955513000488e-01
6.793458759784698486e-02
1.739523857831954956e-01
5.293200258165597916e-03
2.916049957275390625e-01
4.325973615050315857e-02
1.032692790031433105e-01
9.169836342334747314e-02
1.773279905319213867e-01
4.720261693000793457e-01
1.643137782812118530e-01
1.354176998138427734e-01
3.018523156642913818e-01
2.409752011299133301e-01
2.390925288200378418e-01
1.135729178786277771e-01
3.790511488914489746e-01
2.251469492912292480e-01
3.654080927371978760e-01
9.509701281785964966e-02
2.462991029024124146e-01
1.341831684112548828e-01
3.833588659763336182e-01
5.466675758361816406e-01
1.237260028719902039e-01
3.237950503826141357e-01
5.121615156531333923e-02
2.689053118228912354e-01
4.081045389175415039e-01
4.380111992359161377e-01
1.648688912391662598e-01
1.397101432085037231e-01
1.053494587540626526e-01
5.608492493629455566e-01
1.675986051559448242e-01
1.664061546325683594e-01
1.346895396709442139e-01
2.395609170198440552e-01
4.646775424480438232e-01
6.703786253929138184e-01
3.978427052497863770e-01
3.371389508247375488e-01
1.689390987157821655e-01
4.841455519199371338e-01
4.827871024608612061e-01
3.574501872062683105e-01
1.501974165439605713e-01
1.930253952741622925e-01
6.717058420181274414e-01
1.142248809337615967e-01
2.826216518878936768e-01
1.966836154460906982e-01
5.617874264717102051e-01
5.926642101258039474e-03
2.006397843360900879e-01
1.757739037275314331e-01
3.545444831252098083e-02
1.434718221426010132e-01
1.012351829558610916e-02
2.223729640245437622e-01
1.061891093850135803e-01
1.407022923231124878e-01
5.992044210433959961e-01
2.893696725368499756e-01
7.091614603996276855e-01
3.375054001808166504e-01
1.006701495498418808e-02
1.758853346109390259e-01
1.683640927076339722e-01
4.401182234287261963e-01
7.858503460884094238e-01
1.911372840404510498e-01
2.930961549282073975e-01
3.840303719043731689e-01
3.037698566913604736e-01
1.338031291961669922e-01
2.354732900857925415e-01
1.612229272723197937e-02
2.717801928520202637e-01
3.291628658771514893e-01
1.194820329546928406e-01
6.014649868011474609e-01
6.364276260137557983e-02
4.237257540225982666e-01
1.080121695995330811e-01
2.430640906095504761e-01
5.322514176368713379e-01
2.325081527233123779e-01
6.389879584312438965e-01
8.339715003967285156e-02
