1.273472309112548828e-01
1.114116907119750977e+00
-4.088048934936523438e-01
-1.406515002250671387e+00
-6.983508914709091187e-02
1.595624722540378571e-02
1.980767846107482910e-01
-4.124207480344921350e-04
5.851326584815979004e-01
6.607816368341445923e-02
7.161931134760379791e-04
-1.115224149543792009e-04
7.718648761510848999e-02
9.603343158960342407e-02
-1.137975836172699928e-03
1.961640664376318455e-04
5.312979221343994141e-01
2.232963889837265015e-01
4.351508617401123047e-02
-3.338104486465454102e-01
9.822060465812683105e-01
-1.982963562011718750e+00
-2.030530013144016266e-03
1.156926155090332031e+00
3.290915191173553467e-01
9.404489398002624512e-01
-5.449606105685234070e-03
6.634000223129987717e-03
4.831975093111395836e-04
-9.050185978412628174e-02
3.405971825122833252e-01
-7.472728844732046127e-03
1.579895764589309692e-01
-7.562427222728729248e-02
1.590701984241604805e-03
3.004970252513885498e-01
1.842756289988756180e-03
1.259978413581848145e-01
2.240231484174728394e-01
-2.028738856315612793e-01
-1.408762574195861816e+00
-3.809206187725067139e-01
8.428335189819335938e-02
-5.366556718945503235e-02
-1.260204315185546875e-01
1.073681354522705078e+00
-1.930086016654968262e-01
-3.657903969287872314e-01
-1.824133284389972687e-02
-4.235465824604034424e-02
7.864160090684890747e-02
-2.958801269414834678e-05
-3.848695009946823120e-02
-3.153416141867637634e-02
-2.649526298046112061e-01
6.313786116152186878e-07
2.607887089252471924e-01
-3.298059338703751564e-03
2.043157666921615601e-01
-6.452763773268088698e-05
-8.899184465408325195e-01
-1.141903400421142578e+00
8.339510532096028328e-04
1.749053120613098145e+00
-1.094599127769470215e+00
-1.043668270111083984e+00
2.128255291609093547e-04
-1.619658172130584717e-01
4.916302561759948730e-01
-7.480947533622384071e-05
1.016183733940124512e+00
-5.585408806800842285e-01
-2.448671311140060425e-02
-1.036507077515125275e-02
-5.769019722938537598e-01
-3.637457266449928284e-04
-6.016431748867034912e-02
-4.522913098335266113e-01
9.496120810508728027e-01
-1.464302418753504753e-03
-4.629672504961490631e-03
-3.909063339233398438e-02
-5.485170483589172363e-01
5.642564296722412109e-01
-4.735291469842195511e-03
-8.082566637312993407e-05
-1.059891134500503540e-01
6.090172007679939270e-02
-6.290887249633669853e-04
-1.545923296362161636e-04
6.481220945715904236e-03
-2.027417905628681183e-02
3.688556253910064697e-01
1.882582426071166992e+00
-6.567876553162932396e-04
-5.329030007123947144e-02
1.269320928258821368e-04
-1.926045715808868408e-01
1.626281887292861938e-01
-1.503468155860900879e-01
7.669156193733215332e-01
-9.973256587982177734e-01
-3.623434305191040039e-01
-1.809710822999477386e-02
6.287459731101989746e-01
-7.369432449340820312e-01
-3.752914965152740479e-01
1.337941884994506836e+00
-2.577792406082153320e-01
-2.070478051900863647e-01
-5.310799315338954329e-05
-2.991415967699140310e-04
-1.648844772716984153e-04
-1.356420516967773438e+00
4.818835258483886719e-01
-1.019922494888305664e+00
2.013230929151177406e-03
1.000332832336425781e-01
-4.343813359737396240e-01
2.134718447923660278e-01
-3.444398045539855957e-01
-7.153112292289733887e-01
3.342202398926019669e-04
2.917127567343413830e-04
1.455614622682332993e-02
5.072494503110647202e-03
-4.499261826276779175e-02
1.159696698188781738e+00
1.643238544464111328e+00
-1.093394821509718895e-03
-3.132568439468741417e-03
6.720063090324401855e-01
-2.888731844723224640e-02
-8.246833682060241699e-01
1.540315747261047363e-01
6.733470945619046688e-05
-1.330582424998283386e-03
1.097786873579025269e-01
6.900677680969238281e-01
-3.630573451519012451e-01
-3.214682219550013542e-03
4.804011806845664978e-02
-1.439038068056106567e-01
8.986065387725830078e-01
-1.571922153234481812e-01
7.033796282485127449e-04
-7.352818250656127930e-01
-2.484492026269435883e-02
4.523731768131256104e-02
1.146562513895332813e-03
1.194971650838851929e-01
-5.374901890754699707e-01
2.078859210014343262e-01
1.123460292816162109e+00
-1.002907939255237579e-02
-2.124419435858726501e-02
5.652412176132202148e-01
1.716341450810432434e-02
2.910511684603989124e-04
-5.961061120033264160e-01
4.411162063479423523e-02
4.298183023929595947e-01
1.151507049798965454e-01
-7.102166861295700073e-02
-2.806436037644743919e-03
-3.774666041135787964e-02
4.057683795690536499e-02
3.176808953285217285e-01
1.112723723053932190e-03
2.693744190037250519e-02
-1.219272688031196594e-01
-1.042726100422441959e-03
2.394130676984786987e-01
7.707383483648300171e-04
-4.796397686004638672e-02
5.654554814100265503e-02
2.511907927691936493e-02
-3.302854672074317932e-02
-2.592866718769073486e-01
-1.667368225753307343e-03
2.613889239728450775e-02
3.763725757598876953e-01
-3.103285096585750580e-02
9.678817987442016602e-01
6.903082877397537231e-02
3.422040957957506180e-03
-8.002207428216934204e-02
4.125198721885681152e-01
2.103768201777711511e-04
8.295234441757202148e-01
-7.778441067785024643e-04
1.134100914001464844e+00
8.157151751220226288e-04
-3.231133334338665009e-03
1.405342459678649902e+00
5.107920169830322266e-01
-8.734634518623352051e-02
1.058758497238159180e+00
-4.643608331680297852e-01
-2.275717630982398987e-02
6.691387891769409180e-01
1.452780246734619141e+00
5.688497424125671387e-01
-4.146235529333353043e-03
-7.197040133178234100e-03
1.440849304199218750e+00
-9.693325497210025787e-03
1.064856767654418945e+00
4.913115799427032471e-01
6.673277616500854492e-01
-6.885489448904991150e-03
2.346467226743698120e-01
9.520976990461349487e-02
-2.040674537420272827e-01
2.620741433929651976e-04
-4.696188569068908691e-01
1.156493206508457661e-03
-7.925275713205337524e-03
-1.171942502260208130e-01
-3.105562031269073486e-01
5.252200062386691570e-04
-3.499228358268737793e-01
-9.869498899206519127e-04
-4.734633117914199829e-02
-7.827915549278259277e-01
-2.718739807605743408e-01
-1.907264813780784607e-02
-1.244300656253471971e-04
-6.147293606773018837e-04
-9.272110648453235626e-03
-4.128082582610659301e-05
7.356854677200317383e-01
1.021153211593627930e+00
-1.284584999084472656e+00
-9.852148592472076416e-02
4.194869995117187500e-01
-1.472336798906326294e-01
-7.039879560470581055e-01
2.145068428944796324e-04
-3.079046437051147223e-04
-1.355101466178894043e-01
1.011910080909729004e+00
2.753194272518157959e-01
-9.445984847843647003e-03
1.003900989890098572e-01
1.430827379226684570e-01
-9.436321258544921875e-02
8.252886533737182617e-01
-1.373966336250305176e+00
3.271711990237236023e-03
-5.690189078450202942e-02
6.901183724403381348e-01
-7.768267765641212463e-03
-2.987284027040004730e-02
-7.335650324821472168e-01
-3.562559868441894650e-06
8.643549680709838867e-01
5.700632929801940918e-01
1.449130773544311523e-01
5.191339850425720215e-01
1.731062084436416626e-01
7.770589590072631836e-01
-8.656360954046249390e-02
6.532436609268188477e-01
-8.300612121820449829e-02
4.611287117004394531e-01
-2.628186345100402832e-02
1.436481833457946777e+00
4.558397233486175537e-01
2.191341370344161987e-01
-1.662915349006652832e-01
6.472635865211486816e-01
-1.078832335770130157e-02
3.399335546419024467e-03
5.246065855026245117e-01
1.349000842310488224e-03
1.866519778559450060e-05
1.979706808924674988e-02
1.111284643411636353e-01
-1.662578880786895752e-01
-1.727242022752761841e-01
9.166821092367172241e-02
8.885183930397033691e-02
-4.680682031903415918e-04
1.691114455461502075e-01
-3.805294632911682129e-01
3.481618165969848633e-01
1.306770602241158485e-03
7.077317237854003906e-01
-5.064666620455682278e-04
-1.283579111099243164e+00
1.694044917821884155e-01
3.199247643351554871e-02
7.321515679359436035e-02
-3.568347543478012085e-02
-2.437239600112661719e-04
4.544519633054733276e-02
-1.092242449522018433e-02
-5.476929800352081656e-05
-1.950260339071974158e-04
-1.827297061681747437e-01
-2.916728146374225616e-03
-1.149012520909309387e-01
-2.020586133003234863e-01
-1.488963961601257324e+00
-1.388768434524536133e+00
5.272662267088890076e-03
1.556890159845352173e-01
-2.144040772691369057e-03
-9.051046799868345261e-04
-6.023430614732205868e-04
6.248606443405151367e-01
-5.177618265151977539e-01
2.417664973108912818e-06
1.178347598761320114e-02
7.279034703969955444e-02
-2.017767110373824835e-04
4.854774177074432373e-01
2.249403893947601318e-01
-1.082013845443725586e+00
-7.623916119337081909e-02
-6.387881189584732056e-02
-1.251626610755920410e+00
7.611995935440063477e-01
6.957729812711477280e-03
9.209510171785950661e-04
8.320314809679985046e-04
3.662468865513801575e-03
-1.070391014218330383e-02
-4.368523508310317993e-02
4.716304596513509750e-03
-2.386590931564569473e-03
7.235855609178543091e-02
-6.752819418907165527e-01
8.795214295387268066e-01
1.839879085309803486e-03
-1.016776561737060547e+00
2.103186585009098053e-02
-4.827624931931495667e-02
-3.568058609962463379e-01
8.150814683176577091e-04
1.493520382791757584e-02
-1.188141526654362679e-03
-1.269832015037536621e+00
7.871752977371215820e-02
-8.347693830728530884e-02
-3.804151415824890137e-01
-5.815895795822143555e-01
1.280876342207193375e-02
-1.766717410646378994e-03
-7.211483716964721680e-01
-3.795050680637359619e-01
7.241001129150390625e-01
1.782673527486622334e-03
-6.237939000129699707e-01
-9.202304482460021973e-02
2.755730748176574707e-01
7.139756083488464355e-01
-7.157520651817321777e-01
2.077033817768096924e-01
