4.470038115978240967e-01
3.566859662532806396e-02
3.077897727489471436e-01
7.224431633949279785e-01
5.380645394325256348e-01
6.590378284454345703e-01
6.291753053665161133e-02
9.100613594055175781e-01
5.717399120330810547e-01
2.428201884031295776e-01
5.779228210449218750e-01
3.104460835456848145e-01
2.346924245357513428e-01
3.683184981346130371e-01
7.077559232711791992e-01
5.409103631973266602e-01
4.295931160449981689e-01
3.799319565296173096e-01
4.590600430965423584e-01
4.574622213840484619e-01
3.547828197479248047e-01
2.484320402145385742e-01
4.240418970584869385e-01
5.875774621963500977e-01
5.661740899085998535e-01
3.453481793403625488e-01
3.627098500728607178e-01
2.933965027332305908e-01
2.898869477212429047e-02
1.772836893796920776e-01
2.490677833557128906e-01
7.292909026145935059e-01
3.180876970291137695e-01
4.396393597126007080e-01
4.396820664405822754e-01
3.127050399780273438e-01
1.866013258695602417e-01
2.219108641147613525e-01
4.268326237797737122e-02
6.192805767059326172e-01
3.114846050739288330e-01
1.171197965741157532e-01
9.097638726234436035e-01
5.351837873458862305e-01
2.244096100330352783e-01
3.938767910003662109e-01
3.913232982158660889e-01
2.620628476142883301e-01
2.158324569463729858e-01
1.836813390254974365e-01
2.247637361288070679e-01
1.339433342218399048e-01
2.853401601314544678e-01
2.162234336137771606e-01
3.214351236820220947e-01
3.800551295280456543e-01
6.334791779518127441e-01
2.719455063343048096e-01
4.843881130218505859e-01
3.310874104499816895e-01
3.138350322842597961e-02
3.905379474163055420e-01
4.454438388347625732e-01
4.083329737186431885e-01
5.502136796712875366e-02
4.566472470760345459e-01
3.637667894363403320e-01
3.227585852146148682e-01
7.422999739646911621e-01
3.134240806102752686e-01
1.783590614795684814e-01
1.689352989196777344e-01
1.367543041706085205e-01
1.790643930435180664e-01
1.893742382526397705e-02
4.625107347965240479e-01
3.267963826656341553e-01
3.255201280117034912e-01
5.180777907371520996e-01
7.946178913116455078e-01
3.622771501541137695e-01
7.123412489891052246e-01
7.391638588160276413e-03
4.358454942703247070e-01
1.793878376483917236e-01
2.756932079792022705e-01
4.273390471935272217e-01
4.560190141201019287e-01
4.964578747749328613e-01
3.480059206485748291e-01
1.985189616680145264e-01
2.062135040760040283e-01
6.425564736127853394e-02
3.876604139804840088e-01
1.654663085937500000e-01
2.213429659605026245e-01
2.635836899280548096e-01
5.815877914428710938e-01
7.112430930137634277e-01
3.070379793643951416e-01
1.891437917947769165e-01
4.663532376289367676e-01
4.137428998947143555e-01
4.488476514816284180e-01
5.111210942268371582e-01
2.263353019952774048e-01
2.532490491867065430e-01
4.157007932662963867e-01
2.088591903448104858e-01
3.290981054306030273e-01
5.716315656900405884e-02
1.512316018342971802e-01
4.196052849292755127e-01
1.845573931932449341e-01
3.450315594673156738e-01
6.352003216743469238e-01
3.472332060337066650e-01
6.414027214050292969e-01
1.940909326076507568e-01
3.733179569244384766e-01
1.973729431629180908e-01
5.121993422508239746e-01
1.339016258716583252e-01
2.092434763908386230e-01
1.573438942432403564e-01
3.120193183422088623e-01
5.464951694011688232e-02
7.856621742248535156e-01
2.362259328365325928e-01
2.923446893692016602e-01
4.871703088283538818e-01
2.571448683738708496e-01
4.426049292087554932e-01
1.351977139711380005e-01
5.168637037277221680e-01
5.255872011184692383e-01
4.678757786750793457e-01
3.618113100528717041e-01
1.912331879138946533e-01
7.887217402458190918e-01
4.004193544387817383e-01
4.354110658168792725e-01
1.109905764460563660e-01
4.478011727333068848e-01
1.116431057453155518e-01
1.693608611822128296e-01
6.174951195716857910e-01
2.718203663825988770e-01
3.790598213672637939e-01
2.895422577857971191e-01
4.674122631549835205e-01
2.120762616395950317e-01
5.822142958641052246e-01
7.822494953870773315e-02
2.539255023002624512e-01
4.929959475994110107e-01
2.315817624330520630e-01
2.566813230514526367e-01
7.914068549871444702e-02
1.885495185852050781e-01
1.893481053411960602e-02
1.695650964975357056e-01
5.199624970555305481e-02
3.105987906455993652e-01
3.810437321662902832e-01
3.792835772037506104e-01
1.477291733026504517e-01
5.411347150802612305e-01
2.732518315315246582e-01
1.546524614095687866e-01
6.341818720102310181e-02
6.126471757888793945e-01
2.168467938899993896e-01
1.674942076206207275e-01
8.159489184617996216e-02
4.716447889804840088e-01
4.735125899314880371e-01
2.760906815528869629e-01
3.131574392318725586e-01
6.160281896591186523e-01
1.981077343225479126e-01
1.475488990545272827e-01
0.000000000000000000e+00
2.766267359256744385e-01
2.188299745321273804e-01
7.385914325714111328e-01
4.593677073717117310e-02
4.777918457984924316e-01
2.556112967431545258e-02
1.506136655807495117e-01
2.970760166645050049e-01
2.412231415510177612e-01
1.409120261669158936e-01
7.258553504943847656e-01
1.401398628950119019e-01
4.761990308761596680e-01
3.827543854713439941e-01
6.766949892044067383e-01
3.646079301834106445e-01
2.910891771316528320e-01
3.552713990211486816e-01
2.294974774122238159e-01
7.914410531520843506e-02
2.943947017192840576e-01
2.523260712623596191e-01
1.595281958580017090e-01
1.876542270183563232e-01
2.466091811656951904e-01
2.724894881248474121e-01
1.230906620621681213e-01
4.121506512165069580e-01
5.077612996101379395e-01
3.071300983428955078e-01
6.145859956741333008e-01
4.420194923877716064e-01
3.099238574504852295e-01
3.152410686016082764e-01
6.221952438354492188e-01
5.103704333305358887e-01
2.705125808715820312e-01
3.215959072113037109e-01
2.607848048210144043e-01
5.046038031578063965e-01
4.851154983043670654e-01
1.000000000000000000e+00
6.426228284835815430e-01
5.857474207878112793e-01
4.391933083534240723e-01
3.228908479213714600e-01
1.116461381316184998e-01
1.448849290609359741e-01
2.977376282215118408e-01
8.342407643795013428e-02
4.958812296390533447e-01
1.962017863988876343e-01
3.012628555297851562e-01
4.938105642795562744e-01
4.268556833267211914e-01
4.669575393199920654e-01
2.925537526607513428e-01
5.474867224693298340e-01
4.403110593557357788e-02
4.164658859372138977e-02
7.183024287223815918e-02
2.648549675941467285e-01
2.434225380420684814e-01
2.165481150150299072e-01
2.904299795627593994e-01
4.017484784126281738e-01
4.133494198322296143e-01
1.435246169567108154e-01
7.549491524696350098e-01
7.208890467882156372e-02
8.312645554542541504e-02
2.052108198404312134e-01
4.087892472743988037e-01
5.802792310714721680e-01
5.410797595977783203e-01
3.196415305137634277e-01
3.805943429470062256e-01
5.207027867436408997e-02
2.867588400840759277e-02
4.967489242553710938e-01
8.810166120529174805e-01
5.860074162483215332e-01
3.872380852699279785e-01
2.845577895641326904e-01
4.683698117733001709e-01
5.060696005821228027e-01
4.083762466907501221e-01
4.683240056037902832e-01
3.311117887496948242e-01
7.612401992082595825e-02
1.838751435279846191e-01
2.520962953567504883e-01
1.032838150858879089e-01
3.787261247634887695e-01
3.227546811103820801e-01
3.996048569679260254e-01
5.156333446502685547e-01
3.882768750190734863e-01
2.116376459598541260e-01
4.573661684989929199e-01
5.854580998420715332e-01
4.057314991950988770e-01
6.538072228431701660e-01
3.333126604557037354e-01
8.445693254470825195e-01
1.586844772100448608e-01
4.114407300949096680e-01
3.128030598163604736e-01
4.600405097007751465e-01
4.070175290107727051e-01
3.895676136016845703e-01
3.805274963378906250e-01
3.544627428054809570e-01
3.268555104732513428e-01
3.868405520915985107e-01
5.142779350280761719e-01
2.691548168659210205e-01
1.713988929986953735e-01
1.543421298265457153e-01
1.983857899904251099e-01
5.497795939445495605e-01
3.223237693309783936e-01
3.302817344665527344e-01
3.585754930973052979e-01
1.824946552515029907e-01
5.298563241958618164e-01
9.297282099723815918e-01
4.592924416065216064e-01
1.695522069931030273e-01
2.148896306753158569e-01
4.724695682525634766e-01
5.030470490455627441e-01
6.707111597061157227e-01
4.951816201210021973e-01
4.497121274471282959e-01
7.607351541519165039e-01
9.695582389831542969e-01
3.022371232509613037e-01
2.218516618013381958e-01
3.521513342857360840e-01
4.362165033817291260e-01
1.198347881436347961e-01
3.035959005355834961e-01
4.260009527206420898e-01
1.200643330812454224e-01
1.073682680726051331e-01
2.261335253715515137e-01
7.636647820472717285e-01
2.950270175933837891e-01
4.000682830810546875e-01
6.272319555282592773e-01
1.308640390634536743e-01
1.939149945974349976e-01
6.164880990982055664e-01
4.545477628707885742e-01
5.052607655525207520e-01
3.158211410045623779e-01
2.069806456565856934e-01
2.599938511848449707e-01
3.963226079940795898e-01
3.211537301540374756e-01
4.413510859012603760e-01
2.338154017925262451e-01
3.256693482398986816e-01
5.361184477806091309e-01
5.102409720420837402e-01
1.126770600676536560e-01
1.721271574497222900e-01
7.430865764617919922e-01
7.025088071823120117e-01
4.581482112407684326e-01
2.241333574056625366e-01
3.671843409538269043e-01
2.244371771812438965e-01
4.359959661960601807e-01
6.012458726763725281e-02
1.603733189404010773e-02
