5.959884077310562134e-02
3.211754262447357178e-01
-2.339342534542083740e-01
2.332297414541244507e-01
6.362473964691162109e-01
4.766485095024108887e-01
-1.558510214090347290e-01
-1.678330749273300171e-01
1.573308557271957397e-01
3.563749194145202637e-01
-3.594743013381958008e-01
-2.703199088573455811e-01
6.371399164199829102e-01
-8.552571386098861694e-02
1.619569659233093262e-01
3.045121729373931885e-01
-2.289474159479141235e-01
-4.348543882369995117e-01
2.334001809358596802e-01
-2.851201295852661133e-01
4.752206504344940186e-01
1.076820865273475647e-01
-3.318944275379180908e-01
5.766370333731174469e-03
-3.684787750244140625e-01
9.644286632537841797e-01
7.130523025989532471e-02
3.661069273948669434e-01
-2.154883891344070435e-01
-2.670927941799163818e-01
-4.357778653502464294e-02
-7.220038771629333496e-02
-8.840376511216163635e-03
5.171661823987960815e-02
5.144538879394531250e-01
8.141417801380157471e-02
-2.587187886238098145e-01
7.508724927902221680e-02
-1.670742928981781006e-01
-1.089469194412231445e-01
-2.235772088170051575e-02
1.087191402912139893e-01
4.546983540058135986e-01
5.578334927558898926e-01
-5.468622595071792603e-02
7.364701479673385620e-02
-1.864563226699829102e-01
-1.405731886625289917e-01
3.622356653213500977e-01
-2.411913126707077026e-01
6.540753245353698730e-01
-3.598061203956604004e-01
-7.131054997444152832e-02
-3.552058935165405273e-01
-1.783123239874839783e-02
8.607107996940612793e-01
1.832706481218338013e-01
-2.324423789978027344e-01
-4.415632784366607666e-02
4.573927819728851318e-02
2.085792422294616699e-01
-4.510076642036437988e-01
-2.931993603706359863e-01
-2.399517297744750977e-01
-9.298263490200042725e-02
5.168918147683143616e-02
4.766630232334136963e-01
5.833156406879425049e-02
1.730864048004150391e-01
1.355708539485931396e-01
4.509522914886474609e-01
5.104158520698547363e-01
1.675016283988952637e-01
-2.864059507846832275e-01
-3.736864328384399414e-01
1.414975225925445557e-01
2.815343439579010010e-01
4.842258393764495850e-01
2.839895486831665039e-01
-3.782079517841339111e-01
-1.826200485229492188e-01
-2.510523498058319092e-01
-1.101510375738143921e-01
-2.865051925182342529e-01
-9.447656869888305664e-01
-8.866142481565475464e-02
-4.830157458782196045e-01
6.198168173432350159e-02
3.826955556869506836e-01
2.828347384929656982e-01
9.414200484752655029e-02
-4.749396443367004395e-01
2.547061629593372345e-02
-1.643781661987304688e-01
-1.250852346420288086e-01
-1.563747376203536987e-01
-7.125798463821411133e-01
1.994178593158721924e-01
-6.518336385488510132e-02
-2.463423907756805420e-01
4.596531987190246582e-01
-2.795283496379852295e-02
1.454794127494096756e-02
-4.343480169773101807e-01
7.197077274322509766e-01
9.183080494403839111e-02
-2.913757860660552979e-01
3.157005086541175842e-02
4.068118333816528320e-01
4.234822094440460205e-01
-2.037038505077362061e-01
-5.197101235389709473e-01
-1.216687932610511780e-01
-3.782538771629333496e-01
4.229240417480468750e-01
3.113912940025329590e-01
2.739997506141662598e-01
-1.809668093919754028e-01
-3.510100394487380981e-02
1.041432619094848633e-01
-2.440479546785354614e-01
-2.242253571748733521e-01
-3.331746459007263184e-01
-3.176789283752441406e-01
5.229941755533218384e-02
2.327696979045867920e-01
-1.066397875547409058e-01
3.826494514942169189e-01
3.391675949096679688e-01
-4.245297014713287354e-01
-4.754615128040313721e-01
-1.544192731380462646e-01
-6.348770260810852051e-01
2.915664017200469971e-02
1.961376704275608063e-02
2.130866348743438721e-01
5.688987970352172852e-01
-3.319693505764007568e-01
-2.102068662643432617e-01
5.283709168434143066e-01
2.314223945140838623e-01
4.138493239879608154e-01
-2.524494752287864685e-02
5.368496179580688477e-01
-1.465702056884765625e-01
-6.496485471725463867e-01
6.696302443742752075e-02
-4.486121237277984619e-01
-3.453964889049530029e-01
3.654425963759422302e-02
3.240422606468200684e-01
-5.315369367599487305e-01
5.796805769205093384e-02
-1.394330710172653198e-01
-1.125313714146614075e-01
1.305080205202102661e-01
7.958725094795227051e-01
-6.936291456222534180e-01
3.875013887882232666e-01
1.445190459489822388e-01
-1.194625198841094971e-01
-2.463699877262115479e-01
-4.777636826038360596e-01
-3.954681754112243652e-01
-2.111753523349761963e-01
-3.298264741897583008e-01
9.144879132509231567e-02
2.021675556898117065e-01
7.107691764831542969e-01
5.760926604270935059e-01
-6.915978193283081055e-01
1.095244735479354858e-01
3.313497006893157959e-01
-3.552475571632385254e-02
2.262943685054779053e-01
-4.264166653156280518e-01
4.270809590816497803e-01
2.358526736497879028e-01
5.484803915023803711e-01
1.159245371818542480e-01
4.252103567123413086e-01
-1.631288528442382812e-01
1.461843252182006836e-01
-1.247654408216476440e-01
4.278588891029357910e-01
1.911273300647735596e-01
1.409893631935119629e-01
-9.814307093620300293e-03
1.973094940185546875e-01
1.668519377708435059e-01
3.407998383045196533e-01
-7.077073454856872559e-01
-4.249688982963562012e-01
-5.117609351873397827e-02
1.230776682496070862e-01
-4.467765688896179199e-01
-1.488218456506729126e-01
-1.103905439376831055e-01
-4.868084788322448730e-01
2.907844185829162598e-01
-3.527587056159973145e-01
-2.343036234378814697e-01
-3.944087624549865723e-01
1.959736347198486328e-01
4.441276937723159790e-02
2.852544784545898438e-01
-2.643795907497406006e-01
-5.394538044929504395e-01
3.248794376850128174e-01
-1.307012289762496948e-01
7.400103658437728882e-02
-5.176897644996643066e-01
1.147955879569053650e-01
5.202447772026062012e-01
-2.553275823593139648e-01
6.086586117744445801e-01
2.500624582171440125e-02
-4.313280284404754639e-01
4.112020134925842285e-01
-3.052589893341064453e-01
3.600035309791564941e-01
9.752356261014938354e-02
6.143162250518798828e-01
1.541549861431121826e-01
-7.238868474960327148e-01
4.643660411238670349e-02
6.455169618129730225e-02
2.680842205882072449e-02
-7.600908726453781128e-02
-2.280936092138290405e-01
1.004069820046424866e-01
-7.982875406742095947e-02
-1.633678376674652100e-01
1.895902901887893677e-01
3.966423869132995605e-01
-2.575777843594551086e-02
1.486020684242248535e-01
-2.558188438415527344e-01
-5.240034461021423340e-01
2.613692283630371094e-01
2.134380340576171875e-01
3.235371708869934082e-01
-9.267245978116989136e-02
1.740862280130386353e-01
5.629252642393112183e-02
-1.478660386055707932e-02
2.494324892759323120e-01
-4.021111875772476196e-02
7.160271704196929932e-02
-3.534217476844787598e-01
-3.621217310428619385e-01
-1.577022075653076172e-01
4.159822463989257812e-01
-1.243924200534820557e-01
4.005060791969299316e-01
4.521048963069915771e-01
-6.063789129257202148e-01
-1.443095803260803223e-01
1.322420090436935425e-01
-9.055761247873306274e-02
-4.345269501209259033e-01
3.383538424968719482e-01
1.646462976932525635e-01
4.672688245773315430e-01
9.809257090091705322e-02
-2.850233390927314758e-02
-7.804204821586608887e-01
-3.466483652591705322e-01
-4.949929118156433105e-01
-3.340256214141845703e-01
1.016151666641235352e+00
5.533199757337570190e-02
-1.743564009666442871e-01
-4.909439086914062500e-01
4.037450253963470459e-01
4.534882307052612305e-01
2.818287014961242676e-01
-5.994338393211364746e-01
-8.729510307312011719e-01
4.861634671688079834e-01
2.508309483528137207e-01
4.729905724525451660e-02
-2.597516179084777832e-01
2.531169056892395020e-01
4.446899890899658203e-02
8.191514611244201660e-01
-6.354770064353942871e-01
-1.970324367284774780e-01
-4.760056734085083008e-01
1.051854528486728668e-02
1.828309297561645508e-01
-3.532487154006958008e-01
-1.534030586481094360e-01
2.618660591542720795e-02
3.184520900249481201e-01
2.218844443559646606e-01
2.351124286651611328e-01
-1.970042884349822998e-01
-2.568040490150451660e-01
2.514201104640960693e-01
3.768409788608551025e-02
-7.344065606594085693e-02
-3.167126476764678955e-01
-5.135110616683959961e-01
4.474070668220520020e-02
-7.848367094993591309e-01
-4.844087362289428711e-01
4.130095839500427246e-01
-3.379381000995635986e-01
4.131714627146720886e-02
-2.560278773307800293e-01
-7.832811474800109863e-01
5.229510664939880371e-01
6.474627554416656494e-02
2.019162327051162720e-01
-4.177403748035430908e-01
-9.901927411556243896e-02
4.369070008397102356e-02
-2.975663840770721436e-01
1.329519599676132202e-01
5.785662531852722168e-01
1.185772046446800232e-01
-1.093325018882751465e-01
-2.493163049221038818e-01
9.217350184917449951e-02
-1.550775617361068726e-01
3.472679480910301208e-02
1.682736873626708984e-01
-5.104073286056518555e-01
2.777915596961975098e-01
1.811827272176742554e-01
-1.305648535490036011e-01
3.854709863662719727e-01
-4.408883396536111832e-03
-1.057932600378990173e-01
2.492063939571380615e-01
-2.413661777973175049e-02
2.192639261484146118e-01
-1.440735459327697754e-01
-1.496757417917251587e-01
1.748463213443756104e-01
3.034608066082000732e-01
-4.405415356159210205e-01
1.180203035473823547e-01
1.950912177562713623e-01
2.334380596876144409e-01
2.976791858673095703e-01
4.760859608650207520e-01
2.576172947883605957e-01
2.338909655809402466e-01
-4.832292199134826660e-01
-2.338191121816635132e-02
1.973556354641914368e-03
7.185700535774230957e-01
-8.215429186820983887e-01
-5.806379318237304688e-01
-6.771187186241149902e-01
-4.338304698467254639e-01
-2.440591156482696533e-01
-3.588411211967468262e-01
