5.314844250679016113e-01
9.845832735300064087e-02
7.453536242246627808e-02
6.980901956558227539e-01
7.786679863929748535e-01
6.724250912666320801e-01
1.103785336017608643e-01
3.907727003097534180e-01
4.838002622127532959e-01
3.778608143329620361e-01
5.192629694938659668e-01
3.179316222667694092e-01
7.625119090080261230e-01
8.852022141218185425e-02
8.797095417976379395e-01
4.477381408214569092e-01
2.605082094669342041e-01
5.060833096504211426e-01
3.187807798385620117e-01
4.306235015392303467e-01
3.551874458789825439e-01
3.309377729892730713e-01
9.955327510833740234e-01
6.097161173820495605e-01
5.615720748901367188e-01
4.704900979995727539e-01
1.002247445285320282e-02
7.697681188583374023e-01
7.316800951957702637e-01
2.290571480989456177e-01
3.386976942420005798e-02
7.513177990913391113e-01
3.761950135231018066e-02
6.636570096015930176e-01
2.696577608585357666e-01
7.380086779594421387e-01
4.449627399444580078e-01
4.307536780834197998e-01
4.667717218399047852e-01
5.587064623832702637e-01
6.963660120964050293e-01
7.130112051963806152e-01
3.397750258445739746e-01
4.159669280052185059e-01
6.400859951972961426e-01
4.121447205543518066e-01
4.725048243999481201e-01
3.650863468647003174e-01
5.505560636520385742e-01
1.455263793468475342e-01
9.831657260656356812e-02
6.481124758720397949e-01
4.382841587066650391e-01
6.472033858299255371e-01
4.322773218154907227e-01
7.300047874450683594e-01
7.159345149993896484e-01
4.939046800136566162e-01
7.679283022880554199e-01
5.206179022789001465e-01
6.463950276374816895e-01
8.246481418609619141e-01
7.132886648178100586e-01
4.999450743198394775e-01
6.123096346855163574e-01
6.098471283912658691e-01
6.656792163848876953e-01
2.252211421728134155e-01
4.261629879474639893e-01
7.218043208122253418e-01
6.947585344314575195e-01
5.930762887001037598e-01
3.275937139987945557e-01
8.279557824134826660e-01
3.811762928962707520e-01
7.768562436103820801e-01
6.566737294197082520e-01
1.287556588649749756e-01
5.318465232849121094e-01
3.868305087089538574e-01
6.856780052185058594e-01
6.105900406837463379e-01
5.786722302436828613e-01
7.511336207389831543e-01
8.005604743957519531e-01
1.072400882840156555e-01
7.549394369125366211e-01
2.673834860324859619e-01
1.966211758553981781e-02
2.977815568447113037e-01
9.113191813230514526e-02
3.898046612739562988e-01
3.789793252944946289e-01
9.763700366020202637e-01
1.886529624462127686e-01
4.512374475598335266e-02
5.751600861549377441e-01
5.030630826950073242e-01
7.691176533699035645e-01
5.311114192008972168e-01
6.165487766265869141e-01
1.592508256435394287e-01
5.563647150993347168e-01
4.343633353710174561e-02
2.113035768270492554e-01
5.483955144882202148e-01
3.916588425636291504e-01
6.718751192092895508e-01
8.102595210075378418e-01
9.791209548711776733e-02
6.318968255072832108e-03
2.809745073318481445e-01
2.354694306850433350e-01
5.777242779731750488e-01
1.578403413295745850e-01
4.574483931064605713e-01
7.084632515907287598e-01
5.595839396119117737e-02
3.964595496654510498e-01
7.804600596427917480e-01
7.065808176994323730e-01
7.755464315414428711e-01
4.199517965316772461e-01
6.103511452674865723e-01
4.780363738536834717e-01
4.662309885025024414e-01
4.251968860626220703e-01
8.976384997367858887e-02
9.491176605224609375e-01
8.286785483360290527e-01
8.260581642389297485e-02
8.155134916305541992e-01
3.927984237670898438e-01
3.503226637840270996e-01
4.968628585338592529e-01
4.899132847785949707e-01
5.001938343048095703e-01
3.060069680213928223e-01
4.746826589107513428e-01
4.753420948982238770e-01
5.291332006454467773e-01
4.199668765068054199e-02
8.161877393722534180e-01
4.690801799297332764e-01
6.617360711097717285e-01
6.437131762504577637e-01
7.631959915161132812e-01
5.896413922309875488e-01
7.760836482048034668e-01
2.947259843349456787e-01
9.028373360633850098e-01
1.636670380830764771e-01
1.505774706602096558e-01
7.946602106094360352e-01
2.312847524881362915e-01
1.923103183507919312e-01
1.314496845006942749e-01
3.112670183181762695e-01
3.136653304100036621e-01
2.483890205621719360e-02
3.008847236633300781e-01
1.128684952855110168e-01
8.336461186408996582e-01
5.611269548535346985e-02
2.378391027450561523e-01
1.533660292625427246e-01
9.973458647727966309e-01
3.884901404380798340e-01
3.162786364555358887e-02
6.920316815376281738e-01
1.463017314672470093e-01
3.435722887516021729e-01
1.101010367274284363e-01
5.051327943801879883e-01
3.292284905910491943e-01
6.914605498313903809e-01
7.034270167350769043e-01
2.989508509635925293e-01
1.650983989238739014e-01
1.009177342057228088e-01
8.001695573329925537e-02
5.532751083374023438e-01
5.468413233757019043e-01
5.858057737350463867e-01
3.028941154479980469e-01
8.294554948806762695e-01
4.798471331596374512e-01
5.818626284599304199e-01
7.768782973289489746e-01
3.750427663326263428e-01
4.916707575321197510e-01
3.399505615234375000e-01
5.944317579269409180e-01
7.977191805839538574e-01
2.879961952567100525e-02
1.302223205566406250e-01
5.588992238044738770e-01
7.961746454238891602e-01
3.082364797592163086e-01
6.455605030059814453e-01
3.680066466331481934e-01
5.098858475685119629e-01
7.321558594703674316e-01
4.856506884098052979e-01
8.116485476493835449e-01
6.641998887062072754e-01
5.575013160705566406e-01
3.202736079692840576e-01
9.947091937065124512e-01
8.721299767494201660e-01
7.657273411750793457e-01
3.773902356624603271e-01
3.592663109302520752e-01
2.731866762042045593e-02
2.985994219779968262e-01
4.606510996818542480e-01
7.013637423515319824e-01
5.604506731033325195e-01
9.103149175643920898e-01
2.806653082370758057e-01
7.640001177787780762e-01
4.292062222957611084e-01
6.621595621109008789e-01
4.733054935932159424e-01
1.784296929836273193e-01
6.310813426971435547e-01
8.903695940971374512e-01
4.179908335208892822e-01
4.496836364269256592e-01
7.783653140068054199e-01
6.891968846321105957e-01
7.450577020645141602e-01
4.858310222625732422e-01
6.536421775817871094e-01
3.576831519603729248e-01
4.007963836193084717e-01
7.144373655319213867e-01
7.318748235702514648e-01
3.479532599449157715e-01
2.321893423795700073e-01
5.575594902038574219e-01
4.989293515682220459e-01
4.520858228206634521e-01
5.374022722244262695e-01
4.820120707154273987e-02
6.881174445152282715e-01
3.510658144950866699e-01
2.112123668193817139e-01
4.030131697654724121e-01
6.245666146278381348e-01
5.542125105857849121e-01
5.433467030525207520e-01
4.519288539886474609e-01
7.676113843917846680e-01
9.765807986259460449e-01
7.131098508834838867e-01
4.270899295806884766e-01
6.774930953979492188e-01
4.732601046562194824e-01
3.747352659702301025e-01
7.072712182998657227e-01
3.381804227828979492e-01
7.653512954711914062e-01
1.045365706086158752e-01
4.624660015106201172e-01
4.984217509627342224e-02
0.000000000000000000e+00
6.930702179670333862e-02
6.541479229927062988e-01
2.660770118236541748e-01
6.665097475051879883e-01
4.243156313896179199e-01
6.765047311782836914e-01
3.342505395412445068e-01
5.290452837944030762e-01
2.219436764717102051e-01
6.324753165245056152e-01
5.510425567626953125e-01
4.955996274948120117e-01
5.476158261299133301e-01
4.583432376384735107e-01
2.200929969549179077e-01
2.850828170776367188e-01
3.114946484565734863e-01
1.823194697499275208e-02
1.189056634902954102e-01
4.758962988853454590e-01
6.892934441566467285e-01
6.641343832015991211e-01
1.684716790914535522e-01
6.726567149162292480e-01
5.766243338584899902e-01
3.310588002204895020e-01
7.251069545745849609e-01
4.632552564144134521e-01
8.284089714288711548e-02
3.635555207729339600e-01
9.154623001813888550e-02
4.652463793754577637e-01
9.716197252273559570e-01
5.403120517730712891e-01
1.353562027215957642e-01
4.136863052845001221e-01
8.005185127258300781e-01
9.398780018091201782e-02
6.122417449951171875e-01
1.410202234983444214e-01
5.380837321281433105e-01
7.004712224006652832e-01
9.533044099807739258e-01
5.935610532760620117e-01
1.604978144168853760e-01
6.234967112541198730e-01
5.847516059875488281e-01
1.000000000000000000e+00
5.008424520492553711e-01
1.008525416254997253e-01
1.845186389982700348e-02
8.145396709442138672e-01
8.447309583425521851e-02
3.636175096035003662e-01
2.040639370679855347e-01
6.924622058868408203e-01
2.426113635301589966e-01
2.353579699993133545e-01
8.395225405693054199e-01
2.102598845958709717e-01
4.576440453529357910e-01
3.588520288467407227e-01
7.203581929206848145e-01
7.476835250854492188e-01
3.538978397846221924e-01
6.424418687820434570e-01
4.733641743659973145e-01
8.805636763572692871e-01
5.217421054840087891e-01
2.415505796670913696e-01
6.063011884689331055e-01
6.837332248687744141e-01
5.867705941200256348e-01
6.491327285766601562e-01
2.757871747016906738e-01
2.707488238811492920e-01
5.387753844261169434e-01
5.315080285072326660e-01
6.423740983009338379e-01
5.171193480491638184e-01
1.214231401681900024e-01
6.867039948701858521e-02
5.096685290336608887e-01
4.083450436592102051e-01
8.079744577407836914e-01
5.384030342102050781e-01
8.662995696067810059e-01
3.009884059429168701e-02
8.653993010520935059e-01
7.920636534690856934e-01
1.028549373149871826e-01
8.295485973358154297e-01
6.306799650192260742e-01
