2.133341282606124878e-01
-1.253315508365631104e-01
-3.578926250338554382e-02
-7.439847290515899658e-02
-2.314188033342361450e-01
-2.050293982028961182e-01
3.071380257606506348e-01
-1.453479826450347900e-01
1.062940619885921478e-02
-1.623284667730331421e-01
5.076997876167297363e-01
1.411070227622985840e-01
-3.619110584259033203e-01
7.358910888433456421e-02
-3.664769828319549561e-01
-4.104878902435302734e-01
7.297291755676269531e-01
2.147572040557861328e-01
-2.661611139774322510e-01
-5.878249555826187134e-02
-3.013667762279510498e-01
-1.881842613220214844e-01
-2.997802197933197021e-01
-2.529657483100891113e-01
-5.422598216682672501e-03
-8.464509248733520508e-01
1.802347153425216675e-01
5.601175129413604736e-03
3.913398683071136475e-01
2.824007570743560791e-01
6.736179441213607788e-02
8.774761110544204712e-03
-4.583259224891662598e-01
-3.604690432548522949e-01
-7.602775841951370239e-02
-4.334327578544616699e-02
3.093847930431365967e-01
2.893641777336597443e-02
1.885749250650405884e-01
1.658519655466079712e-01
-1.675441712141036987e-01
-3.236818909645080566e-01
-4.077316522598266602e-01
-2.457652539014816284e-01
-2.743563354015350342e-01
-3.939760625362396240e-01
2.896184623241424561e-01
2.790433764457702637e-01
-3.081491291522979736e-01
3.105149567127227783e-01
-6.272619366645812988e-01
-8.443433046340942383e-02
8.134443759918212891e-01
4.752070605754852295e-01
-3.224753737449645996e-01
-5.049808025360107422e-01
-2.138953953981399536e-01
2.918988466262817383e-01
-6.393504142761230469e-02
2.879917919635772705e-01
2.840214371681213379e-01
3.817123770713806152e-01
-1.292351726442575455e-02
2.986330986022949219e-01
-1.120432540774345398e-01
-2.965783178806304932e-01
-2.571126520633697510e-01
2.377088665962219238e-01
-3.281452953815460205e-01
-7.598253339529037476e-02
-8.616404980421066284e-02
2.097431421279907227e-01
1.860969066619873047e-01
-7.941988110542297363e-02
1.727845370769500732e-01
-2.503726165741682053e-03
2.088132053613662720e-01
-6.748040914535522461e-01
-5.557620525360107422e-01
-1.606278270483016968e-01
-3.264747560024261475e-01
1.663928776979446411e-01
3.084535598754882812e-01
-6.147276237607002258e-02
2.185790538787841797e-01
3.996642529964447021e-01
5.284256339073181152e-01
-3.801681399345397949e-01
1.723159700632095337e-01
-4.498820304870605469e-01
2.220245078206062317e-02
2.138237841427326202e-02
-1.038177870213985443e-03
3.820341080427169800e-03
5.017893761396408081e-02
7.019132375717163086e-02
7.309463620185852051e-02
4.192517139017581940e-03
1.302569918334484100e-02
-4.866109043359756470e-02
-2.146585285663604736e-02
2.183677256107330322e-02
7.266815751791000366e-02
5.344316735863685608e-02
-6.585858762264251709e-02
-5.968309193849563599e-02
2.269046567380428314e-02
-4.430434666574001312e-03
-2.169646136462688446e-02
-5.022859573364257812e-02
3.477766364812850952e-02
5.661227926611900330e-02
1.314757112413644791e-02
3.468186408281326294e-02
-4.589894786477088928e-02
4.338090866804122925e-02
-5.690651014447212219e-02
-1.823898591101169586e-02
4.598947241902351379e-02
-2.133627608418464661e-02
3.327001258730888367e-02
1.954644173383712769e-01
1.532125100493431091e-02
5.141711607575416565e-02
6.757497787475585938e-03
-2.992410026490688324e-02
-3.393693268299102783e-02
-5.493883788585662842e-02
-2.137547880411148071e-01
8.320221304893493652e-02
1.621071398258209229e-01
1.841074228286743164e-02
1.127859726548194885e-01
-5.707757081836462021e-03
-4.779692739248275757e-02
-9.652551379986107349e-04
-6.843101978302001953e-02
5.559676885604858398e-02
4.378675669431686401e-02
-6.887745112180709839e-02
2.007108181715011597e-03
-5.008367076516151428e-02
-6.140074878931045532e-02
-7.098135352134704590e-02
-8.284223079681396484e-02
-7.048574835062026978e-02
-2.958935126662254333e-02
8.098567277193069458e-02
1.158644706010818481e-01
3.558979136869311333e-03
-6.502284109592437744e-02
6.307912617921829224e-02
4.209025204181671143e-02
3.021056950092315674e-02
7.509795576333999634e-02
-2.476812805980443954e-03
-1.034333929419517517e-01
1.229470074176788330e-01
-1.027197018265724182e-01
-3.337044641375541687e-02
3.712317720055580139e-02
-1.958440057933330536e-03
-1.007234901189804077e-01
4.639392346143722534e-02
-1.451457105576992035e-02
5.197710543870925903e-02
-5.195043981075286865e-02
-1.834778338670730591e-01
-9.752475470304489136e-02
-8.354108780622482300e-02
6.508979946374893188e-02
7.024240680038928986e-03
-1.284935604780912399e-02
1.179967354983091354e-02
4.988485015928745270e-03
-4.752976447343826294e-02
-9.053222835063934326e-02
-3.246955946087837219e-02
-9.881170094013214111e-02
1.499373186379671097e-02
-7.049507498741149902e-01
2.035713791847229004e-01
4.951307177543640137e-01
-1.586213149130344391e-02
-4.459313452243804932e-01
-1.789952367544174194e-01
2.033641040325164795e-01
-3.525800704956054688e-01
3.668849170207977295e-02
1.296265274286270142e-01
-3.370368182659149170e-01
-6.065186858177185059e-02
2.826009392738342285e-01
-6.255196928977966309e-01
5.584535002708435059e-01
-1.708613038063049316e-01
-2.126407623291015625e-02
2.868167757987976074e-01
-2.090674936771392822e-01
-1.981815099716186523e-01
1.343355327844619751e-01
3.236305415630340576e-01
-5.617138743400573730e-02
-9.124870598316192627e-02
-5.865366458892822266e-01
-5.802754685282707214e-02
-1.284010149538516998e-02
-7.479400932788848877e-02
-5.621878430247306824e-03
-1.331751644611358643e-01
-1.591683775186538696e-01
4.360279440879821777e-02
5.171129703521728516e-01
-5.311889648437500000e-01
4.448956549167633057e-01
-4.760882854461669922e-01
-6.208429932594299316e-01
7.363269478082656860e-02
-8.010287284851074219e-01
9.047068655490875244e-02
-4.701817035675048828e-02
1.724975556135177612e-01
-1.969520449638366699e-01
-1.525031216442584991e-02
1.425919085741043091e-01
-2.524945139884948730e-01
-1.274346262216567993e-01
2.533139884471893311e-01
-1.568759530782699585e-01
-1.569930911064147949e-01
3.293377161026000977e-02
1.376398205757141113e-01
3.106829822063446045e-01
-5.557686686515808105e-01
-1.505411881953477859e-02
-8.664351701736450195e-02
-2.919614911079406738e-01
-2.850747108459472656e-01
2.611988484859466553e-01
1.272059381008148193e-01
1.000222414731979370e-01
-1.632608124054968357e-03
-3.169222176074981689e-02
5.323456227779388428e-02
3.180457055568695068e-01
7.345059514045715332e-02
-9.443154931068420410e-02
1.064201146364212036e-01
-1.832376979291439056e-02
9.361930936574935913e-02
1.248468309640884399e-01
-8.239304274320602417e-02
3.371659517288208008e-01
1.743482947349548340e-01
3.559453785419464111e-01
-6.093120574951171875e-02
2.806741558015346527e-02
-1.743438243865966797e-01
-1.631177067756652832e-01
-2.412312775850296021e-01
7.539596557617187500e-01
-3.286246061325073242e-01
1.014496758580207825e-01
-7.014606893062591553e-02
1.036788895726203918e-01
-3.112538754940032959e-01
1.369958817958831787e-01
5.399191379547119141e-01
5.712019205093383789e-01
6.493517756462097168e-01
-3.885809183120727539e-01
-1.256678253412246704e-01
-4.240468610078096390e-03
1.743269562721252441e-01
-6.110795140266418457e-01
1.401626318693161011e-02
-2.199009507894515991e-01
1.529509574174880981e-01
1.104485243558883667e-02
-3.045065701007843018e-02
-5.630055069923400879e-02
9.359526634216308594e-02
-3.296349048614501953e-01
2.421945333480834961e-02
-2.492643147706985474e-02
-9.089587628841400146e-02
9.643428027629852295e-02
1.718951463699340820e-01
-1.419780962169170380e-02
-3.909742832183837891e-01
-1.068679690361022949e-01
-5.961060896515846252e-02
-7.262675464153289795e-02
-1.323941498994827271e-01
-1.297978311777114868e-01
-5.795688554644584656e-02
3.028199374675750732e-01
-3.689922690391540527e-01
-1.461045145988464355e-01
-5.273868441581726074e-01
-4.251279532909393311e-01
-3.082419633865356445e-01
5.594961047172546387e-01
-3.009472787380218506e-01
1.077922955155372620e-01
8.946461975574493408e-02
-2.885968424379825592e-02
-5.855948925018310547e-01
-5.519105866551399231e-02
-6.169648766517639160e-01
6.172351539134979248e-03
5.766041278839111328e-01
4.041790962219238281e-01
5.140586495399475098e-01
2.406808733940124512e-01
-1.915501058101654053e-01
6.138878688216209412e-02
-2.448569238185882568e-01
-1.465099453926086426e-01
7.834935933351516724e-02
-1.540654152631759644e-01
-1.357955783605575562e-01
-2.057486027479171753e-01
5.442363396286964417e-02
4.793344438076019287e-02
9.426586329936981201e-02
2.156168371438980103e-01
7.097417116165161133e-02
4.508893191814422607e-01
-4.422796964645385742e-01
-1.518653482198715210e-01
1.208512671291828156e-02
-7.723847776651382446e-02
-1.000408753752708435e-01
-4.379402995109558105e-01
2.197666764259338379e-01
2.361622154712677002e-01
-2.634662091732025146e-01
1.586162149906158447e-01
-2.984021306037902832e-01
-3.313548862934112549e-02
8.081781864166259766e-02
4.802060127258300781e-01
-1.056060716509819031e-01
-3.909059241414070129e-02
-1.819475144147872925e-01
-5.989192128181457520e-01
2.270846366882324219e-01
1.075866892933845520e-01
1.137815341353416443e-01
6.670948266983032227e-01
4.413908720016479492e-01
2.583197951316833496e-01
-3.946708142757415771e-01
4.365729689598083496e-01
4.898549243807792664e-02
4.786287248134613037e-01
2.679499089717864990e-01
-1.298113018274307251e-01
2.421960532665252686e-01
