5.305818319320678711e-01
2.638858277350664139e-03
1.765584747772663832e-04
1.038759015500545502e-02
4.121704399585723877e-02
-3.589925181586295366e-04
-6.649030745029449463e-02
3.707221746444702148e-01
-2.180391311412677169e-05
-5.240908265113830566e-01
-7.103197276592254639e-02
-1.362971663475036621e-01
-1.697359420359134674e-02
-4.619452953338623047e-01
-1.630819559097290039e+00
-3.878013789653778076e-02
-8.130118846893310547e-01
2.591552734375000000e-01
-1.322846487164497375e-02
-7.071583271026611328e-01
-1.825276762247085571e-02
2.222301363945007324e-01
-4.208415150642395020e-01
1.002421617507934570e+00
-3.261786699295043945e-02
-5.572707741521298885e-04
-7.819711463525891304e-04
-4.496706824284046888e-04
-1.178640127182006836e+00
-5.182098150253295898e-01
-1.979687949642539024e-03
1.777534256689250469e-03
-1.675145328044891357e-02
8.193426765501499176e-04
2.568735741078853607e-03
5.587906390428543091e-02
1.113979935646057129e+00
-1.877337880432605743e-02
-5.385113763622939587e-04
-8.867631107568740845e-02
-2.937237024307250977e-01
1.147035360336303711e+00
2.292690769536420703e-04
1.155360223492607474e-05
4.134244024753570557e-01
-2.374496310949325562e-03
-2.354290783405303955e-01
-3.542069494724273682e-01
7.831671833992004395e-01
3.129042983055114746e-01
-4.178569614887237549e-01
-1.542079746723175049e-01
-2.384749241173267365e-03
3.436940908432006836e-02
-5.185580253601074219e-01
6.527070013362390455e-07
1.065546312020160258e-04
-2.906050358433276415e-04
1.365401112707331777e-04
-2.221240720245987177e-04
1.357846194878220558e-03
-5.056179761886596680e-01
9.171178680844604969e-04
3.829801976680755615e-01
-6.906018406152725220e-02
-6.880993396043777466e-02
-8.880525827407836914e-01
9.056573361158370972e-02
1.181704401969909668e+00
1.676929295063018799e-01
-6.984443068504333496e-01
-7.427662611007690430e-01
-6.851240396499633789e-01
-1.856932067312300205e-04
4.144611209630966187e-02
9.299932862631976604e-04
7.183496952056884766e-01
5.058455839753150940e-02
1.344708055257797241e-01
9.910846948623657227e-01
-6.274226307868957520e-01
2.145302444696426392e-01
2.377053499221801758e-01
2.238363586366176605e-02
-3.273699283599853516e-01
-1.371086982544511557e-04
-2.638598671182990074e-03
-5.461681485176086426e-01
-5.001482786610722542e-04
9.338598698377609253e-02
-3.857419142150320113e-05
2.502157876733690500e-04
1.575064212083816528e-01
-1.344778776168823242e+00
-4.614236578345298767e-02
-4.655433297157287598e-01
-4.886133670806884766e-01
2.128743976354598999e-01
-1.279494285583496094e+00
8.100486397743225098e-01
1.732602238655090332e+00
1.930451835505664349e-04
2.185631543397903442e-03
6.013289690017700195e-01
-1.796751981601119041e-03
9.512314200401306152e-02
1.848935127258300781e+00
-2.077994197607040405e-01
1.671321224421262741e-04
3.799628615379333496e-01
-4.355230776127427816e-04
-1.070428453385829926e-02
3.066767938435077667e-02
-7.980712056159973145e-01
1.594425439834594727e+00
2.491208352148532867e-02
5.473052337765693665e-02
-6.619797786697745323e-04
3.108727396465837955e-04
2.527201431803405285e-04
1.974149199668318033e-04
4.707901098299771547e-04
-4.463795572519302368e-03
-1.016751289367675781e+00
3.888307809829711914e-01
4.370160698890686035e-01
-9.246332049369812012e-01
-3.550392761826515198e-02
-3.298363685607910156e-01
-1.189551115036010742e+00
7.337790727615356445e-01
-1.205465960083529353e-04
3.527746200561523438e-01
2.495795674622058868e-02
2.817785134539008141e-04
-2.176177920773625374e-03
1.037220880389213562e-01
-1.000165343284606934e-01
1.784645952284336090e-02
-8.168148994445800781e-02
-2.078170776367187500e-01
-1.456484460504725575e-04
2.799730002880096436e-01
-3.047892451286315918e-01
-1.056977882981300354e-01
-5.297166705131530762e-01
-2.151322405552491546e-04
-6.672791787423193455e-04
9.333736896514892578e-01
2.611738091218285263e-05
-2.151157855987548828e-01
1.023435831069946289e+00
3.294799476861953735e-02
-5.784368258900940418e-04
-3.665561079978942871e-01
2.071473449468612671e-01
2.887742221355438232e-01
1.120229214429855347e-01
-3.486651962703035679e-07
-3.358691930770874023e-01
-7.626693113707005978e-04
-1.318054553121328354e-02
-7.188591957092285156e-01
1.982618868350982666e-01
2.193870782852172852e+00
-4.158678352832794189e-01
2.687065862119197845e-04
-2.410837858915328979e-01
-1.092284401238430291e-05
4.448530972003936768e-01
-2.714703381061553955e-01
-1.862736535258591175e-04
-9.333695471286773682e-02
-3.078498840332031250e-01
-8.080815896391868591e-03
-7.306206226348876953e-01
3.506214916706085205e-01
-2.300386726856231689e-01
1.426369845867156982e-01
1.221796683967113495e-02
-2.498626708984375000e-02
1.300937414169311523e+00
4.823180735111236572e-01
1.172981336712837219e-01
3.695074617862701416e-01
4.011970595456659794e-04
5.102149844169616699e-01
-1.494811585871502757e-04
-9.464174509048461914e-01
-5.432846546173095703e-01
5.520926713943481445e-01
-2.111809849739074707e-01
1.755903940647840500e-03
-1.010497361421585083e-01
-1.714046895503997803e-01
-5.645033888868056238e-05
-2.606620453298091888e-02
-1.408524632453918457e+00
-2.566323673818260431e-04
-1.402632892131805420e-02
-4.299480840563774109e-02
-1.678419503150507808e-04
7.613989114761352539e-01
3.359744250774383545e-01
-1.521543308626860380e-04
-4.708134511020034552e-04
-5.421166424639523029e-04
-7.408670336008071899e-02
3.657634928822517395e-02
-9.342824923805892467e-04
7.683500181883573532e-03
-4.049771726131439209e-01
-1.561828613281250000e+00
1.168290004134178162e-01
-7.988798618316650391e-01
7.794661074876785278e-02
-3.421033620834350586e-01
-6.016846001148223877e-02
8.592602680437266827e-04
7.706700125709176064e-05
-6.699851751327514648e-01
-1.481866184622049332e-02
1.121839359402656555e-01
-4.639908075332641602e-01
-8.822104334831237793e-02
1.160230040550231934e-01
2.880158717744052410e-06
3.660942912101745605e-01
1.688281744718551636e-01
-2.837967872619628906e-01
-6.212215521372854710e-04
-1.115443883463740349e-03
2.556844148784875870e-03
7.284609675407409668e-01
1.246879983227699995e-04
-1.866670995950698853e-01
-3.001955747604370117e-01
1.161496758460998535e+00
-6.794890016317367554e-02
2.467869671818334609e-05
-6.985765695571899414e-01
2.355503737926483154e-01
-1.707868129014968872e-01
-1.369982492178678513e-03
-8.184925317764282227e-01
1.096688574762083590e-04
4.949685633182525635e-01
-1.870782673358917236e-02
4.183456767350435257e-04
1.255151728400960565e-04
-7.380822896957397461e-01
2.928647398948669434e-01
4.036341980099678040e-02
-8.967699110507965088e-02
2.778757214546203613e-01
-3.162040710449218750e-01
-1.263723492622375488e+00
2.478003203868865967e-01
1.078792095184326172e+00
-1.556768838781863451e-04
-4.923394415527582169e-03
1.515696197748184204e-02
1.393294483423233032e-01
-1.042374933604151011e-04
2.660405337810516357e-01
-6.453906297683715820e-01
1.691179722547531128e-01
6.660417318344116211e-01
-1.281529257539659739e-04
-2.218854576349258423e-01
6.417042459361255169e-05
-4.115549381822347641e-03
-8.881764858961105347e-02
1.119541957450564951e-05
-1.154931709170341492e-01
-4.153169393539428711e-01
2.129731923341751099e-01
1.567423169035464525e-04
2.816431522369384766e-01
-5.368989109992980957e-01
-2.043160647153854370e-01
3.225526511669158936e-01
4.102959036827087402e-01
-6.387440115213394165e-02
4.433544352650642395e-02
3.391368663869798183e-04
-9.164856164716184139e-04
5.938141942024230957e-01
-1.620283146621659398e-04
-3.152310252189636230e-01
1.862185448408126831e-02
-9.862455044640228152e-05
5.054175926488824189e-05
1.373133563902229071e-04
-7.218980044126510620e-02
1.389007270336151123e-02
9.966870857169851661e-05
1.800456941127777100e-01
9.285999089479446411e-02
8.837787434458732605e-03
9.136970639228820801e-01
4.346398413181304932e-01
-2.600304724182933569e-04
9.300719946622848511e-02
-1.551975131034851074e+00
1.192004978656768799e-02
-1.474421501159667969e+00
2.660656273365020752e-01
-7.950093597173690796e-03
1.377998113632202148e+00
1.835002899169921875e-01
-1.053351163864135742e-01
5.575524270534515381e-02
-7.228285074234008789e-02
-1.102561473846435547e+00
-1.113529899157583714e-03
2.779329370241612196e-04
-2.679615281522274017e-04
-5.155647173523902893e-03
2.616563141345977783e-01
4.635534435510635376e-02
-1.388951539993286133e+00
2.461067168042063713e-03
1.669055461883544922e+00
-2.356615186727140099e-05
-4.434260129928588867e-01
1.691292524337768555e-01
-3.142520785331726074e-01
3.386422991752624512e-03
-1.071315705776214600e-01
9.738433174788951874e-03
2.684344947338104248e-01
9.814561344683170319e-04
3.884468693286180496e-03
-1.027580380439758301e+00
2.357687987387180328e-02
-5.376238226890563965e-01
5.169083476066589355e-01
-2.768659293651580811e-01
-1.505072694271802902e-02
1.891775429248809814e-01
-4.000701592303812504e-04
-4.837700544157996774e-06
1.276146061718463898e-02
-3.650819780887104571e-05
5.214477181434631348e-01
1.470513343811035156e+00
9.522108302917331457e-05
-1.329507470130920410e+00
8.115508556365966797e-01
1.708663225173950195e+00
1.807010024785995483e-01
7.790979743003845215e-01
-4.628883302211761475e-01
-6.961572915315628052e-02
2.898842794820666313e-04
4.692670106887817383e-01
-5.468056797981262207e-01
-9.899038672447204590e-01
-7.306677699089050293e-01
