4.997208416461944580e-01
4.807043448090553284e-02
3.385798633098602295e-01
7.500942945480346680e-01
5.778802633285522461e-01
6.766995787620544434e-01
6.709057837724685669e-02
9.526443481445312500e-01
5.524361133575439453e-01
2.520565390586853027e-01
6.419990658760070801e-01
3.243965506553649902e-01
2.835702896118164062e-01
4.134254157543182373e-01
6.697762608528137207e-01
5.391780734062194824e-01
4.462995827198028564e-01
4.155721664428710938e-01
4.295615553855895996e-01
5.311680436134338379e-01
3.592191040515899658e-01
3.002114892005920410e-01
4.377899467945098877e-01
6.129975914955139160e-01
6.324792504310607910e-01
3.645984232425689697e-01
3.937885463237762451e-01
3.306731581687927246e-01
5.214902013540267944e-02
1.899877339601516724e-01
2.431139349937438965e-01
7.868085503578186035e-01
4.024417400360107422e-01
4.872620701789855957e-01
4.367718994617462158e-01
3.588614463806152344e-01
1.886676847934722900e-01
1.974457651376724243e-01
1.876900531351566315e-02
5.059756040573120117e-01
3.480276465415954590e-01
1.707089394330978394e-01
9.542231559753417969e-01
5.496824383735656738e-01
2.652581930160522461e-01
4.193594455718994141e-01
4.452747702598571777e-01
2.749775350093841553e-01
2.183910310268402100e-01
2.010609358549118042e-01
2.443930357694625854e-01
1.368113458156585693e-01
2.985574603080749512e-01
2.051487565040588379e-01
2.864982485771179199e-01
3.865334391593933105e-01
7.132900953292846680e-01
1.897084414958953857e-01
5.150849819183349609e-01
4.034632444381713867e-01
2.808383107185363770e-02
3.923813402652740479e-01
4.811481237411499023e-01
4.371510744094848633e-01
5.769620463252067566e-02
4.900951981544494629e-01
3.372381031513214111e-01
3.193864822387695312e-01
7.647648453712463379e-01
3.146540820598602295e-01
1.903554499149322510e-01
1.462986469268798828e-01
1.454208195209503174e-01
1.861117929220199585e-01
2.536102011799812317e-02
5.172982811927795410e-01
3.560448586940765381e-01
3.292693495750427246e-01
5.193676948547363281e-01
8.741966485977172852e-01
3.636438846588134766e-01
7.508171200752258301e-01
0.000000000000000000e+00
4.563512504100799561e-01
1.729369461536407471e-01
2.496583461761474609e-01
3.761086761951446533e-01
4.498029649257659912e-01
4.646784067153930664e-01
3.504856824874877930e-01
1.929569542407989502e-01
2.147637456655502319e-01
9.963032603263854980e-02
3.962045907974243164e-01
1.732924431562423706e-01
1.864403784275054932e-01
2.916957736015319824e-01
5.906876921653747559e-01
7.445459365844726562e-01
2.898854017257690430e-01
2.145355343818664551e-01
4.992867708206176758e-01
3.661983907222747803e-01
4.703701138496398926e-01
5.825110673904418945e-01
2.519935667514801025e-01
2.529123425483703613e-01
4.607355296611785889e-01
2.043610960245132446e-01
3.359482586383819580e-01
5.994211882352828979e-02
1.458370238542556763e-01
4.591785967350006104e-01
1.898460984230041504e-01
3.525294065475463867e-01
6.756197810173034668e-01
3.605356216430664062e-01
6.165626049041748047e-01
2.056282907724380493e-01
3.398879766464233398e-01
1.912486553192138672e-01
5.447971224784851074e-01
1.432770937681198120e-01
1.969954371452331543e-01
1.690177470445632935e-01
3.584411740303039551e-01
6.707511097192764282e-02
7.665072083473205566e-01
2.193079590797424316e-01
2.833515107631683350e-01
4.996398985385894775e-01
2.467212229967117310e-01
4.439962506294250488e-01
1.443949490785598755e-01
5.506054759025573730e-01
5.542357563972473145e-01
4.754689335823059082e-01
3.580064773559570312e-01
2.210691124200820923e-01
7.717645168304443359e-01
4.237253665924072266e-01
4.601123332977294922e-01
9.630346298217773438e-02
4.260964989662170410e-01
1.248818114399909973e-01
1.972921788692474365e-01
7.159545421600341797e-01
2.764838337898254395e-01
3.642194569110870361e-01
2.860602140426635742e-01
4.957714080810546875e-01
1.535059362649917603e-01
6.081550717353820801e-01
9.396578371524810791e-02
2.569088339805603027e-01
4.788700342178344727e-01
2.470298111438751221e-01
2.471391856670379639e-01
8.318563550710678101e-02
1.777031570672988892e-01
1.085858605802059174e-02
1.428976207971572876e-01
6.232075020670890808e-02
3.291086256504058838e-01
3.858362734317779541e-01
3.628278374671936035e-01
1.305811405181884766e-01
5.407249331474304199e-01
2.815915942192077637e-01
1.963348835706710815e-01
8.340810239315032959e-02
6.472451090812683105e-01
2.064280807971954346e-01
1.764620393514633179e-01
6.978022307157516479e-02
4.803842008113861084e-01
5.186142325401306152e-01
2.860749661922454834e-01
2.995658814907073975e-01
6.787167787551879883e-01
1.688452512025833130e-01
1.751016229391098022e-01
7.125068921595811844e-03
3.311528265476226807e-01
2.483458817005157471e-01
7.865946888923645020e-01
1.513533107936382294e-02
5.782030820846557617e-01
3.006175905466079712e-02
1.551538109779357910e-01
3.307878375053405762e-01
2.427024990320205688e-01
1.454094648361206055e-01
7.244591712951660156e-01
1.071970686316490173e-01
5.049914121627807617e-01
3.629597127437591553e-01
6.446780562400817871e-01
3.888648450374603271e-01
2.657309770584106445e-01
3.833261430263519287e-01
2.127941250801086426e-01
1.229102462530136108e-01
3.196671605110168457e-01
2.831640541553497314e-01
1.614556163549423218e-01
1.836012005805969238e-01
2.781278491020202637e-01
2.821219563484191895e-01
1.432758271694183350e-01
4.482671618461608887e-01
5.241692066192626953e-01
3.063258230686187744e-01
6.156417727470397949e-01
4.712052941322326660e-01
3.294712603092193604e-01
2.927186787128448486e-01
6.569185256958007812e-01
5.432284474372863770e-01
2.975263595581054688e-01
3.437328040599822998e-01
2.969689965248107910e-01
5.329387784004211426e-01
5.260326862335205078e-01
9.700322151184082031e-01
6.731622219085693359e-01
5.923826694488525391e-01
4.392665922641754150e-01
3.108423650264739990e-01
1.438244581222534180e-01
1.481720358133316040e-01
2.663291990756988525e-01
7.175105065107345581e-02
4.870415031909942627e-01
1.889050006866455078e-01
3.096056282520294189e-01
5.094424486160278320e-01
4.609410464763641357e-01
5.502309203147888184e-01
3.008787930011749268e-01
5.952778458595275879e-01
6.204384192824363708e-02
2.730483375489711761e-02
2.808325365185737610e-02
2.931431531906127930e-01
2.632226049900054932e-01
2.330251932144165039e-01
2.902297079563140869e-01
4.055650234222412109e-01
4.390774667263031006e-01
1.178226545453071594e-01
8.238154649734497070e-01
4.351097345352172852e-02
9.065212309360504150e-02
1.848094314336776733e-01
4.260507822036743164e-01
5.653021931648254395e-01
5.935977697372436523e-01
3.578642010688781738e-01
4.135295748710632324e-01
4.923414066433906555e-02
2.629054337739944458e-02
4.932156801223754883e-01
9.353793263435363770e-01
6.539019346237182617e-01
4.157308340072631836e-01
3.058267533779144287e-01
4.863142073154449463e-01
5.699211955070495605e-01
4.265508353710174561e-01
4.547407329082489014e-01
3.600976467132568359e-01
1.036378070712089539e-01
1.734485626220703125e-01
2.272530198097229004e-01
1.788463294506072998e-01
3.809388875961303711e-01
3.366029560565948486e-01
4.531332254409790039e-01
5.376061797142028809e-01
3.660019636154174805e-01
2.082821428775787354e-01
4.643193483352661133e-01
6.134784817695617676e-01
4.000640809535980225e-01
6.591132283210754395e-01
3.492885828018188477e-01
8.078043460845947266e-01
1.474118828773498535e-01
4.413930773735046387e-01
3.158798217773437500e-01
5.018770694732666016e-01
3.846723735332489014e-01
3.733251094818115234e-01
3.868151307106018066e-01
3.772056698799133301e-01
3.505546450614929199e-01
4.379428923130035400e-01
5.314709544181823730e-01
2.636437416076660156e-01
1.549231410026550293e-01
1.104349270462989807e-01
2.365493476390838623e-01
6.049442887306213379e-01
2.990642488002777100e-01
3.173883259296417236e-01
3.526776731014251709e-01
2.059881389141082764e-01
5.328179597854614258e-01
1.000000000000000000e+00
5.326601266860961914e-01
1.839710026979446411e-01
2.486852556467056274e-01
4.920805692672729492e-01
5.416911244392395020e-01
7.393051385879516602e-01
5.444802045822143555e-01
4.638268947601318359e-01
8.428394794464111328e-01
9.890075325965881348e-01
2.922742664813995361e-01
1.831808388233184814e-01
3.440657854080200195e-01
4.435940086841583252e-01
1.223384737968444824e-01
3.416323065757751465e-01
4.217444360256195068e-01
1.111546754837036133e-01
8.536222577095031738e-02
2.262623906135559082e-01
7.438974976539611816e-01
2.979642450809478760e-01
4.292025864124298096e-01
6.528602838516235352e-01
1.399306058883666992e-01
2.402850091457366943e-01
6.170002222061157227e-01
4.768753647804260254e-01
4.668069481849670410e-01
3.190656006336212158e-01
2.605820596218109131e-01
2.535440325736999512e-01
4.271371960639953613e-01
3.095709681510925293e-01
4.397714436054229736e-01
2.740168571472167969e-01
3.446720838546752930e-01
5.754516720771789551e-01
5.351396203041076660e-01
1.158422380685806274e-01
1.621786057949066162e-01
8.251177072525024414e-01
7.380719780921936035e-01
4.355342984199523926e-01
2.379316687583923340e-01
3.864427506923675537e-01
3.576340973377227783e-01
4.592404365539550781e-01
3.836473077535629272e-02
1.179662067443132401e-02
