4.245738983154296875e-01
1.324139442294836044e-02
2.690410315990447998e-01
1.453115046024322510e-01
5.294691324234008789e-01
8.590723574161529541e-02
1.845589578151702881e-01
3.182336390018463135e-01
3.059824705123901367e-01
1.632171720266342163e-01
3.500385582447052002e-01
8.810877054929733276e-02
4.247410893440246582e-01
3.363206088542938232e-01
7.863212227821350098e-01
3.234227895736694336e-01
2.339802384376525879e-01
9.485054016113281250e-02
2.532262504100799561e-01
5.323876440525054932e-02
2.942395508289337158e-01
2.170558571815490723e-01
1.000000000000000000e+00
3.197110891342163086e-01
1.563463211059570312e-01
2.916860952973365784e-02
2.730715572834014893e-01
1.975090056657791138e-01
3.742496669292449951e-01
1.497965157032012939e-01
2.496678978204727173e-01
4.871632456779479980e-01
1.628715097904205322e-01
3.121120333671569824e-01
2.673010714352130890e-02
4.224450886249542236e-01
1.211347132921218872e-01
2.243595421314239502e-01
3.239548951387405396e-02
3.824889361858367920e-01
1.819460988044738770e-01
1.343391090631484985e-01
3.510847687721252441e-01
0.000000000000000000e+00
3.678900897502899170e-01
2.907850407063961029e-02
3.705253601074218750e-01
2.355891913175582886e-01
1.192775182425975800e-02
1.885042339563369751e-01
1.538092344999313354e-01
7.332626730203628540e-02
6.521949544548988342e-03
4.657505452632904053e-01
2.968712151050567627e-01
9.765452891588211060e-02
1.064113825559616089e-01
1.697113811969757080e-01
1.523976027965545654e-01
3.389657288789749146e-02
4.090810194611549377e-02
2.000756710767745972e-01
2.810352742671966553e-01
3.917702436447143555e-01
3.688977658748626709e-01
4.783414006233215332e-01
5.845873355865478516e-01
2.566693536937236786e-02
2.534576132893562317e-02
4.171795845031738281e-01
3.547838330268859863e-01
3.457018435001373291e-01
3.772977590560913086e-01
5.457617044448852539e-01
1.899562031030654907e-01
6.938287615776062012e-01
9.101724624633789062e-02
1.173552311956882477e-02
1.040334552526473999e-01
3.299616873264312744e-01
2.757923901081085205e-01
4.110307097434997559e-01
4.034376442432403564e-01
3.812244236469268799e-01
3.136258423328399658e-01
1.772384494543075562e-01
5.154096484184265137e-01
2.717166244983673096e-01
6.737044453620910645e-02
5.919975414872169495e-02
1.598259508609771729e-01
3.516013324260711670e-01
2.453307062387466431e-01
4.730792045593261719e-01
2.362456768751144409e-01
1.506710797548294067e-01
1.206399723887443542e-01
4.231195524334907532e-02
3.677107691764831543e-01
3.832883238792419434e-01
8.687885850667953491e-02
3.367183804512023926e-01
5.004835873842239380e-02
1.519729048013687134e-01
1.100765988230705261e-01
1.364926993846893311e-01
1.931900233030319214e-01
4.607021808624267578e-01
1.702555567026138306e-01
1.927243769168853760e-01
1.657678037881851196e-01
6.333843618631362915e-02
1.909258812665939331e-01
3.435162603855133057e-01
8.353701978921890259e-02
7.485496252775192261e-02
3.589594960212707520e-01
1.124371588230133057e-01
2.889505922794342041e-01
1.378487199544906616e-01
6.935399770736694336e-02
4.384385645389556885e-01
3.168005645275115967e-01
1.568990796804428101e-01
3.369533270597457886e-02
3.490782156586647034e-02
4.749278724193572998e-02
2.448067814111709595e-01
5.841354727745056152e-01
5.460360050201416016e-01
1.681539267301559448e-01
2.491648197174072266e-01
2.165805250406265259e-01
9.473081678152084351e-02
1.427109241485595703e-01
2.617234289646148682e-01
1.592877060174942017e-01
3.448489308357238770e-02
5.178516358137130737e-02
4.901187121868133545e-02
1.428130567073822021e-01
1.937865912914276123e-01
3.828440308570861816e-01
3.051354885101318359e-01
5.064774304628372192e-03
7.824821770191192627e-02
5.640950202941894531e-01
1.810029894113540649e-01
1.525568068027496338e-01
2.277490496635437012e-01
6.722402572631835938e-01
3.086200729012489319e-02
3.120082616806030273e-01
5.963959097862243652e-01
2.485260218381881714e-01
1.359451413154602051e-01
3.342715799808502197e-01
8.973728120326995850e-02
9.536514990031719208e-03
8.756156265735626221e-02
3.072774782776832581e-02
1.046962067484855652e-01
5.835188627243041992e-01
2.008142620325088501e-01
1.124867349863052368e-01
2.282105684280395508e-01
8.140525817871093750e-01
1.709335856139659882e-02
2.128792703151702881e-01
4.182385206222534180e-01
1.275098174810409546e-01
2.227909415960311890e-01
2.782327830791473389e-01
3.757324218750000000e-01
2.497574128210544586e-02
5.381260067224502563e-02
1.656735837459564209e-01
4.476455505937337875e-03
2.058263123035430908e-02
1.743950098752975464e-01
1.990697234869003296e-01
4.433060809969902039e-02
1.472611166536808014e-02
4.202204346656799316e-01
2.287922501564025879e-01
5.583386421203613281e-01
3.758413791656494141e-01
1.047819778323173523e-01
3.381856083869934082e-01
1.143904626369476318e-01
3.058405816555023193e-01
1.574166715145111084e-01
1.982009410858154297e-01
3.130574524402618408e-01
8.552236109972000122e-02
1.376582086086273193e-01
3.878406435251235962e-02
1.959107369184494019e-01
9.998510777950286865e-02
3.536236658692359924e-02
9.803614020347595215e-02
2.653611637651920319e-02
2.240853905677795410e-01
2.167560160160064697e-01
6.881045103073120117e-01
8.665701001882553101e-02
8.146065473556518555e-02
8.223561197519302368e-02
6.686570048332214355e-01
3.629155158996582031e-01
4.411545991897583008e-01
2.491229623556137085e-01
3.661889731884002686e-01
1.361435055732727051e-01
1.971464753150939941e-01
1.857766658067703247e-01
2.477896586060523987e-02
1.530619561672210693e-01
7.870906591415405273e-01
2.464674860239028931e-01
4.959809482097625732e-01
2.422115206718444824e-01
2.690444290637969971e-01
8.500323630869388580e-03
8.467327058315277100e-02
3.468082249164581299e-01
4.376882612705230713e-01
1.004945114254951477e-01
3.188740611076354980e-01
1.727298647165298462e-01
4.233147501945495605e-01
2.027578055858612061e-01
3.361630141735076904e-01
4.534786343574523926e-01
3.171165585517883301e-01
2.867420017719268799e-01
1.873027682304382324e-01
3.507426381111145020e-01
1.476518809795379639e-01
2.770169079303741455e-01
4.218365252017974854e-02
3.179793357849121094e-01
1.271271854639053345e-01
5.056982040405273438e-01
2.815297245979309082e-01
6.641920655965805054e-02
4.715408757328987122e-02
4.453683644533157349e-02
1.713043898344039917e-01
2.393308579921722412e-01
2.886111140251159668e-01
4.108973741531372070e-01
1.257728636264801025e-01
1.822719164192676544e-02
8.062349557876586914e-01
6.985393166542053223e-02
4.652538523077964783e-02
4.443767666816711426e-01
4.056842029094696045e-01
4.643280431628227234e-02
5.362939238548278809e-01
1.742117553949356079e-01
3.786714076995849609e-01
2.159682810306549072e-01
3.782359138131141663e-02
1.293029040098190308e-01
2.435722947120666504e-01
2.627686858177185059e-01
3.810429871082305908e-01
2.852626740932464600e-01
1.129295229911804199e-01
3.018063865602016449e-02
6.748869270086288452e-02
1.370922774076461792e-01
3.413389921188354492e-01
4.209968075156211853e-02
5.259533599019050598e-02
1.069132983684539795e-01
1.540747433900833130e-01
4.360625743865966797e-01
1.369164884090423584e-01
1.574549973011016846e-01
3.944195210933685303e-01
2.838574051856994629e-01
2.486476898193359375e-01
1.745101362466812134e-01
3.327299356460571289e-01
1.349107176065444946e-01
3.024947941303253174e-01
1.878905743360519409e-01
3.411304578185081482e-02
4.715087637305259705e-02
2.597336173057556152e-01
4.899268746376037598e-01
8.290106058120727539e-02
1.161177530884742737e-01
1.179551258683204651e-01
2.135312855243682861e-01
3.228251338005065918e-01
7.231327891349792480e-01
1.156592294573783875e-01
8.896321058273315430e-02
9.143998473882675171e-02
4.256793558597564697e-01
2.009994238615036011e-01
8.520196378231048584e-02
1.940564811229705811e-01
5.535506457090377808e-02
4.006284177303314209e-01
6.283795237541198730e-01
3.380808234214782715e-01
2.371400892734527588e-01
1.340782940387725830e-01
4.429890811443328857e-01
6.695365309715270996e-01
2.930448949337005615e-01
1.644765883684158325e-01
2.264060378074645996e-01
5.135900378227233887e-01
9.800737351179122925e-02
3.602114617824554443e-01
4.898925498127937317e-02
4.755614995956420898e-01
9.940277040004730225e-02
1.102562695741653442e-01
2.041545361280441284e-01
2.242672257125377655e-03
6.820422410964965820e-02
2.039151787757873535e-01
1.679013222455978394e-01
2.281685769557952881e-01
1.453411281108856201e-01
4.847453832626342773e-01
2.824971079826354980e-01
6.320848464965820312e-01
2.709263265132904053e-01
1.472769081592559814e-01
1.857460476458072662e-02
1.361439079046249390e-01
2.408833801746368408e-01
6.283439993858337402e-01
2.188517004251480103e-01
2.160596698522567749e-01
3.092210888862609863e-01
3.119452595710754395e-01
1.167702525854110718e-01
3.892538696527481079e-02
1.169265341013669968e-02
2.806699872016906738e-01
3.283004164695739746e-01
1.830245703458786011e-01
4.983296394348144531e-01
3.088195994496345520e-02
3.421194851398468018e-01
1.262628883123397827e-01
1.698911190032958984e-01
4.610633552074432373e-01
1.950706541538238525e-01
6.772015094757080078e-01
3.765065968036651611e-02
