3.038255870342254639e-01
2.132358029484748840e-02
6.965713202953338623e-02
1.459983289241790771e-01
5.380378365516662598e-01
1.574096977710723877e-01
2.496900409460067749e-01
2.684818804264068604e-01
2.618082761764526367e-01
1.644190847873687744e-01
3.636609017848968506e-01
2.420064806938171387e-02
5.492637157440185547e-01
1.544497609138488770e-01
6.614469289779663086e-01
2.936085760593414307e-01
2.092946171760559082e-01
1.104879193007946014e-02
2.254096567630767822e-01
5.085295066237449646e-03
2.133207023143768311e-01
1.354719400405883789e-01
1.000000000000000000e+00
2.916755676269531250e-01
1.163703501224517822e-01
6.078539043664932251e-02
2.543715834617614746e-01
1.352051496505737305e-01
3.935377895832061768e-01
3.214455395936965942e-02
2.922976315021514893e-01
5.107686519622802734e-01
1.752876341342926025e-01
3.025992512702941895e-01
5.540110543370246887e-02
3.268257081508636475e-01
9.245775640010833740e-02
2.114311456680297852e-01
4.454157501459121704e-02
3.076908290386199951e-01
2.025945931673049927e-01
1.348769664764404297e-01
1.975120604038238525e-01
1.967516392469406128e-01
3.692206144332885742e-01
1.901156641542911530e-02
4.028167128562927246e-01
2.986781299114227295e-01
5.449090525507926941e-02
1.836680769920349121e-01
1.492539346218109131e-01
9.012375026941299438e-02
3.841102123260498047e-02
2.929768264293670654e-01
2.539733052253723145e-01
1.069866120815277100e-01
1.195401921868324280e-01
1.420883387327194214e-01
1.733271181583404541e-01
1.519911177456378937e-02
5.256562680006027222e-02
1.424258202314376831e-01
2.261441946029663086e-01
3.396897912025451660e-01
4.437098205089569092e-01
2.732729315757751465e-01
4.418015778064727783e-01
6.403286010026931763e-02
1.523209828883409500e-02
4.238888323307037354e-01
3.536536693572998047e-01
3.599752187728881836e-01
2.871749401092529297e-01
5.111898183822631836e-01
3.861384689807891846e-01
6.011983156204223633e-01
1.767559796571731567e-01
5.896475538611412048e-02
1.372898668050765991e-01
2.430121153593063354e-01
3.206908702850341797e-01
3.953995704650878906e-01
3.712435662746429443e-01
3.651078343391418457e-01
3.354357481002807617e-01
2.054016739130020142e-01
4.554184675216674805e-01
2.736359238624572754e-01
7.141616940498352051e-02
1.456942968070507050e-02
1.181260421872138977e-01
4.417146146297454834e-01
4.540825262665748596e-02
2.976088523864746094e-01
1.922062635421752930e-01
1.170434802770614624e-01
2.247111052274703979e-01
4.175207018852233887e-02
3.638619184494018555e-01
4.343756139278411865e-01
1.816309541463851929e-01
4.259675443172454834e-01
8.154655806720256805e-03
2.180968075990676880e-01
8.102092891931533813e-02
7.919133454561233521e-02
9.655465930700302124e-02
4.575270116329193115e-01
1.108779832720756531e-01
3.917912766337394714e-02
7.842358201742172241e-02
1.265228353440761566e-02
1.852053254842758179e-01
3.514355421066284180e-01
6.555575132369995117e-02
5.524713173508644104e-02
2.940702438354492188e-01
1.470256596803665161e-01
2.292312681674957275e-01
1.685458272695541382e-01
9.899886697530746460e-02
5.453094840049743652e-01
3.043762743473052979e-01
1.698985509574413300e-02
3.146813064813613892e-02
3.990280255675315857e-02
3.295985981822013855e-02
2.073895633220672607e-01
5.635439157485961914e-01
5.893400907516479492e-01
2.420070469379425049e-01
2.545810639858245850e-01
1.576021313667297363e-01
3.078147396445274353e-02
8.455997705459594727e-02
2.911358475685119629e-01
1.150941550731658936e-01
6.515224277973175049e-02
4.854518175125122070e-02
7.709915935993194580e-02
1.550166159868240356e-01
1.268596053123474121e-01
4.135573804378509521e-01
2.243672460317611694e-01
3.904758393764495850e-02
1.053655371069908142e-01
4.528278410434722900e-01
1.271312981843948364e-01
2.927465140819549561e-01
2.391809821128845215e-01
6.494799256324768066e-01
9.556050598621368408e-02
1.639521420001983643e-01
6.322026252746582031e-01
2.488918304443359375e-01
1.939786523580551147e-01
2.678614854812622070e-01
6.361678987741470337e-02
5.902926623821258545e-02
8.870548754930496216e-02
1.285684481263160706e-02
1.328779757022857666e-02
5.756075978279113770e-01
2.445044815540313721e-01
1.759334653615951538e-01
1.749303340911865234e-01
7.489610910415649414e-01
1.678774692118167877e-02
1.404875069856643677e-01
3.532492816448211670e-01
1.238866969943046570e-01
1.612323373556137085e-01
2.362759113311767578e-01
3.606469333171844482e-01
3.163938596844673157e-02
5.593755841255187988e-02
1.652206182479858398e-01
7.814211398363113403e-02
1.264419853687286377e-01
1.933611929416656494e-01
1.651842594146728516e-01
4.917963966727256775e-02
6.443591415882110596e-02
3.616982102394104004e-01
2.365936040878295898e-01
5.817108154296875000e-01
3.216270804405212402e-01
8.719561994075775146e-02
2.892563939094543457e-01
1.166843157261610031e-02
3.473288714885711670e-01
1.366411298513412476e-01
1.760291904211044312e-01
1.824502348899841309e-01
1.553393602371215820e-01
3.352664783596992493e-02
7.879121601581573486e-02
2.232134789228439331e-01
1.138353347778320312e-01
7.476221770048141479e-02
8.824595063924789429e-02
5.137828737497329712e-02
2.230241894721984863e-01
2.002245336771011353e-01
5.793960690498352051e-01
6.395139545202255249e-02
1.262229830026626587e-01
7.955446839332580566e-03
3.809822499752044678e-01
3.228953480720520020e-01
4.293993711471557617e-01
2.268381267786026001e-01
2.793004512786865234e-01
1.280034035444259644e-01
9.743136912584304810e-02
5.012530460953712463e-02
2.605642750859260559e-02
1.659432798624038696e-01
6.349024772644042969e-01
2.319358289241790771e-01
4.344710707664489746e-01
3.644827008247375488e-01
2.851764857769012451e-01
1.086994446814060211e-02
5.849978700280189514e-02
3.801260888576507568e-01
5.182105898857116699e-01
7.964719831943511963e-02
1.425715684890747070e-01
1.976266503334045410e-01
4.278977215290069580e-01
1.156209334731101990e-01
2.911814749240875244e-01
4.665555655956268311e-01
2.292296141386032104e-01
2.431516051292419434e-01
2.260195761919021606e-01
3.858950734138488770e-01
1.485299766063690186e-01
1.122751981019973755e-01
6.935896724462509155e-02
2.988662421703338623e-01
1.871833801269531250e-01
3.979004025459289551e-01
1.087540462613105774e-01
1.130905225872993469e-01
1.517700497061014175e-03
3.714589774608612061e-02
1.475036591291427612e-01
2.106656283140182495e-01
3.074854016304016113e-01
4.034865796566009521e-01
1.573228687047958374e-01
7.407486438751220703e-02
7.010024785995483398e-01
5.749636888504028320e-02
1.754003949463367462e-02
4.814536869525909424e-01
3.481608331203460693e-01
6.141238659620285034e-02
4.391488134860992432e-01
1.717102713882923126e-02
3.846172392368316650e-01
6.510501354932785034e-02
6.343583017587661743e-02
1.421710401773452759e-01
1.785675436258316040e-01
3.907567858695983887e-01
3.597346246242523193e-01
2.919957637786865234e-01
1.295569837093353271e-01
8.147326880134642124e-04
7.698065787553787231e-02
9.256578981876373291e-02
3.125729858875274658e-01
5.188893899321556091e-02
3.300554677844047546e-02
0.000000000000000000e+00
4.864212498068809509e-02
4.356406927108764648e-01
1.020391136407852173e-01
1.256227195262908936e-01
4.156238138675689697e-01
1.975049078464508057e-01
3.059185147285461426e-01
1.884502619504928589e-01
2.765703499317169189e-01
2.016731053590774536e-01
2.411799430847167969e-01
1.195633038878440857e-01
9.979395568370819092e-02
7.038257550448179245e-03
2.713866233825683594e-01
4.366922974586486816e-01
2.943184040486812592e-02
1.862457096576690674e-01
7.144889235496520996e-02
1.831595003604888916e-01
4.139724671840667725e-01
3.976982235908508301e-01
8.626807481050491333e-02
5.441559106111526489e-02
6.812328007072210312e-03
3.800174295902252197e-01
8.213696628808975220e-02
1.448099613189697266e-01
1.103354841470718384e-01
1.184667423367500305e-01
3.919517993927001953e-01
5.724930167198181152e-01
3.440648615360260010e-01
1.964554339647293091e-01
1.632178388535976410e-02
4.107116162776947021e-01
5.296403765678405762e-01
2.502057254314422607e-01
1.570722609758377075e-01
1.703053116798400879e-01
4.596720039844512939e-01
7.751836627721786499e-02
3.273857235908508301e-01
8.374188095331192017e-02
4.050773680210113525e-01
5.296356976032257080e-02
5.587184336036443710e-03
1.960036158561706543e-01
1.131901890039443970e-01
6.540232896804809570e-02
1.748387515544891357e-01
2.208151221275329590e-01
1.293416470289230347e-01
1.884603314101696014e-02
5.243049860000610352e-01
2.357534915208816528e-01
6.510820388793945312e-01
1.460009813308715820e-01
1.561944093555212021e-02
3.228839859366416931e-02
8.182397484779357910e-02
3.337274789810180664e-01
7.730015516281127930e-01
1.824420988559722900e-01
2.341839075088500977e-01
2.876335382461547852e-01
2.479877024888992310e-01
8.966635167598724365e-02
1.064640507102012634e-01
5.426455289125442505e-03
1.818560212850570679e-01
3.065465092658996582e-01
1.502539217472076416e-01
5.418915748596191406e-01
3.524802997708320618e-02
3.901152312755584717e-01
7.196263223886489868e-02
7.551684975624084473e-02
4.318749904632568359e-01
2.703098952770233154e-01
4.483008086681365967e-01
3.811957687139511108e-02
