1.930783390998840332e-01
-1.007502973079681396e-01
2.144621461629867554e-01
-5.985778197646141052e-02
-2.829872369766235352e-01
-1.720136404037475586e-01
-5.861455947160720825e-02
2.822542190551757812e-01
-7.053828798234462738e-03
-2.337497174739837646e-01
3.179229199886322021e-01
2.086409628391265869e-01
-3.788565695285797119e-01
2.749367952346801758e-01
3.260360658168792725e-02
-9.520302712917327881e-02
1.117777600884437561e-01
1.549846231937408447e-01
5.591541901230812073e-02
1.708293408155441284e-01
-2.517260611057281494e-01
-3.469389975070953369e-01
1.825308948755264282e-01
1.535897701978683472e-01
2.871372401714324951e-01
-1.770391166210174561e-01
-3.276795148849487305e-01
9.999874234199523926e-02
1.295479536056518555e-01
-1.502944231033325195e-01
8.106458187103271484e-02
2.773008644580841064e-01
1.247610971331596375e-01
-2.099427580833435059e-01
-6.561881303787231445e-01
2.746373787522315979e-02
2.791590392589569092e-01
-4.513969470281153917e-04
-1.161830686032772064e-02
1.381954699754714966e-01
7.885364815592765808e-03
-1.725752353668212891e-01
1.269124448299407959e-01
-1.325731575489044189e-01
-2.608560211956501007e-02
1.301944255828857422e-01
2.055348604917526245e-01
8.638077974319458008e-02
-2.096595466136932373e-01
-1.633124798536300659e-02
-4.050430282950401306e-02
2.152289748191833496e-01
-1.159153878688812256e-01
-1.554229557514190674e-01
-2.774494141340255737e-02
-2.337953895330429077e-01
8.469649404287338257e-02
-2.233138866722583771e-02
-1.155597716569900513e-01
-2.169294282793998718e-02
-4.161533117294311523e-01
7.843916118144989014e-02
2.682143449783325195e-01
8.882120996713638306e-02
1.338978856801986694e-01
-8.959148824214935303e-02
-1.154410690069198608e-01
-6.119597703218460083e-02
1.067977622151374817e-01
-1.948360949754714966e-01
-1.934667676687240601e-01
-6.917015314102172852e-01
-2.544211149215698242e-01
1.265315115451812744e-01
1.126095503568649292e-01
-3.626497462391853333e-02
-5.126363039016723633e-01
-8.740371465682983398e-02
-1.991210505366325378e-02
1.924550831317901611e-01
1.394643783569335938e-01
9.543231874704360962e-02
1.021018549799919128e-01
-5.393651872873306274e-02
2.967175543308258057e-01
-2.099006250500679016e-02
6.000139564275741577e-02
-2.107891254127025604e-03
-2.927033901214599609e-01
-4.170865565538406372e-02
-2.915168367326259613e-02
5.048792436718940735e-02
1.768609583377838135e-01
7.726497948169708252e-02
1.429065596312284470e-02
9.697141498327255249e-02
1.397130340337753296e-01
-6.040746346116065979e-02
4.038771986961364746e-02
-8.339872583746910095e-04
-9.919962286949157715e-02
2.150207459926605225e-01
-5.332613363862037659e-02
1.105069220066070557e-01
8.108556270599365234e-02
-2.027998492121696472e-02
-1.623312570154666901e-02
1.073398292064666748e-01
2.105928212404251099e-02
-1.269883662462234497e-01
-6.627063453197479248e-02
1.573262363672256470e-01
9.905502200126647949e-02
5.442582443356513977e-02
-1.624719500541687012e-01
1.769180744886398315e-01
-9.256289154291152954e-02
-3.662517666816711426e-02
-1.606228649616241455e-01
-5.440915375947952271e-02
1.104800123721361160e-02
7.128334045410156250e-02
5.068213678896427155e-03
-5.925391986966133118e-02
-1.453176699578762054e-02
-7.881674915552139282e-03
1.976109296083450317e-02
-1.098382547497749329e-01
-6.900676339864730835e-02
1.159019470214843750e-01
1.205982118844985962e-01
-3.326027654111385345e-03
1.795862168073654175e-01
-1.340655609965324402e-02
5.011247098445892334e-02
1.610820367932319641e-02
-3.015700727701187134e-03
4.755598306655883789e-02
5.230751261115074158e-02
1.234269514679908752e-01
-5.338613316416740417e-02
-1.928682625293731689e-01
-6.464902311563491821e-02
-1.231418624520301819e-01
-1.816117018461227417e-02
-1.178659647703170776e-01
2.802843973040580750e-02
-4.037211835384368896e-02
6.482667475938796997e-02
-2.762725576758384705e-03
-7.650159299373626709e-02
1.280768364667892456e-01
-8.048572391271591187e-02
2.168471924960613251e-03
9.512273594737052917e-03
5.765576497651636600e-04
-1.913170665502548218e-01
5.719468370079994202e-02
-1.086597889661788940e-01
-1.059963181614875793e-01
1.417832225561141968e-01
1.194300353527069092e-01
1.796845644712448120e-01
1.450651437044143677e-01
1.476128958165645599e-02
1.256556957960128784e-01
5.472052842378616333e-02
-3.513645380735397339e-02
-1.389245688915252686e-01
-1.120276227593421936e-01
1.483457237482070923e-01
-3.110583126544952393e-02
-1.852993369102478027e-01
-5.361048877239227295e-02
-2.654796838760375977e-02
1.224501356482505798e-01
-1.829651147127151489e-01
-6.853929907083511353e-02
-1.396117731928825378e-03
-6.626967340707778931e-03
-3.311846852302551270e-01
2.096390575170516968e-01
2.216820865869522095e-01
-7.004487514495849609e-02
-1.529515162110328674e-02
-1.900159716606140137e-01
1.703724563121795654e-01
-2.829214334487915039e-01
4.190873727202415466e-02
-1.542317867279052734e-01
-2.592670619487762451e-01
-3.625428536906838417e-03
1.398310661315917969e-01
-1.382655054330825806e-01
3.621566891670227051e-01
-8.463899046182632446e-02
5.897006019949913025e-02
1.123569160699844360e-01
-5.827789008617401123e-02
9.253680706024169922e-02
9.948714077472686768e-02
3.695385158061981201e-01
1.021998748183250427e-01
-2.835421562194824219e-01
-3.642126619815826416e-01
-6.327315419912338257e-02
1.400227658450603485e-02
1.717270612716674805e-01
1.577538400888442993e-01
9.792242199182510376e-02
-1.366606056690216064e-01
1.251506805419921875e-01
1.227149441838264465e-01
4.186545312404632568e-02
8.313859999179840088e-02
-5.277508497238159180e-01
-1.004346311092376709e-01
8.529485762119293213e-02
-3.870017230510711670e-01
3.025496378540992737e-02
-1.316184848546981812e-01
1.166581511497497559e-01
-1.248711273074150085e-01
-7.755896449089050293e-02
-7.250455021858215332e-02
-9.269502758979797363e-02
-1.874710619449615479e-01
6.815429031848907471e-02
-2.910118401050567627e-01
2.684548795223236084e-01
-2.974893897771835327e-03
1.470520198345184326e-01
1.050502583384513855e-01
-2.346812784671783447e-01
-6.172768771648406982e-02
-1.835813075304031372e-01
-2.423495203256607056e-01
-1.280742287635803223e-01
6.291005015373229980e-02
4.071348309516906738e-01
-8.377133309841156006e-02
2.595469951629638672e-01
4.667897894978523254e-02
1.658867299556732178e-01
2.768268585205078125e-01
1.150634363293647766e-01
-7.615256123244762421e-03
-4.289275035262107849e-02
-1.179176121950149536e-01
-1.922555714845657349e-01
1.705809533596038818e-01
-1.889213621616363525e-01
-6.615275889635086060e-02
6.137217953801155090e-02
-3.583163768053054810e-02
3.492157161235809326e-02
4.963064566254615784e-02
-1.093278452754020691e-01
-1.733834743499755859e-01
-1.912429556250572205e-02
4.210954010486602783e-01
-4.965248405933380127e-01
1.536218170076608658e-02
-1.631249785423278809e-01
-9.586504101753234863e-02
-8.875112980604171753e-03
3.527995645999908447e-01
8.561789989471435547e-02
2.607544362545013428e-01
8.442263305187225342e-02
-3.207022249698638916e-01
-1.741906255483627319e-01
4.001064896583557129e-01
6.644160300493240356e-02
-5.569985508918762207e-01
6.809008866548538208e-02
-4.998503327369689941e-01
1.603173017501831055e-01
1.340633332729339600e-01
-2.367692291736602783e-01
-1.972832158207893372e-02
6.558267772197723389e-02
8.267646655440330505e-03
1.385267125442624092e-03
1.521117985248565674e-01
-2.736036479473114014e-01
-1.562169007956981659e-02
-4.037451446056365967e-01
1.314281076192855835e-01
3.859983980655670166e-01
9.419434517621994019e-02
1.308125406503677368e-01
2.182055711746215820e-01
-4.058762490749359131e-01
4.516554474830627441e-01
2.981868088245391846e-01
4.239293187856674194e-02
3.821735382080078125e-01
-1.879327148199081421e-01
-3.658086359500885010e-01
-2.887620031833648682e-01
-4.049995243549346924e-01
-1.801585853099822998e-01
-1.734269708395004272e-01
4.298826307058334351e-02
4.013351798057556152e-01
1.347942203283309937e-01
-5.584941506385803223e-01
1.138407588005065918e-01
1.099308580160140991e-01
-4.800699185580015182e-03
6.062042117118835449e-01
-7.236415147781372070e-02
-1.103532500565052032e-02
4.035398364067077637e-01
6.044469401240348816e-02
-3.492408692836761475e-01
-4.891166090965270996e-01
-1.904668956995010376e-01
3.868288993835449219e-01
-9.168767929077148438e-02
4.880957305431365967e-02
5.396883189678192139e-02
-5.069063901901245117e-01
-4.598654434084892273e-02
1.033079996705055237e-01
7.695282995700836182e-02
8.277684450149536133e-03
1.676170229911804199e-01
2.433124184608459473e-01
3.924886286258697510e-01
7.880176603794097900e-02
-2.408528625965118408e-01
2.080003768205642700e-01
2.490314543247222900e-01
-8.644533157348632812e-02
-1.633829176425933838e-01
4.669949784874916077e-02
3.058000653982162476e-02
1.188260316848754883e-01
-3.042159974575042725e-01
-2.577128633856773376e-02
2.817258536815643311e-01
-1.785920858383178711e-01
-4.437890276312828064e-02
-2.977218031883239746e-01
2.133579403162002563e-01
-4.045954346656799316e-01
-4.351616501808166504e-01
1.780512630939483643e-01
5.613488703966140747e-02
5.060439109802246094e-01
3.386969864368438721e-01
-1.626377105712890625e-01
4.100739657878875732e-01
1.872652322053909302e-01
5.051288008689880371e-01
7.785613089799880981e-02
-9.219428151845932007e-02
1.502469331026077271e-01
