9.414447546005249023e-01
1.145841032266616821e-01
2.996424138545989990e-01
3.021125448867678642e-04
-5.169007461518049240e-03
-3.607466518878936768e-01
-8.803222328424453735e-03
-3.505021035671234131e-01
4.086613953113555908e-01
-1.291939552174881101e-04
-7.252774666994810104e-04
1.851143538951873779e-01
-8.750948905944824219e-01
2.278583943843841553e-01
3.477064426988363266e-03
4.558673026622273028e-06
-8.620483279228210449e-01
-1.864555925130844116e-01
-9.797747731208801270e-01
8.907960057258605957e-01
-3.258231794461607933e-03
9.886595653370022774e-04
1.421297434717416763e-03
1.075372565537691116e-03
5.444970130920410156e-01
7.317229360342025757e-02
-5.653929710388183594e-01
-4.564154893159866333e-02
-1.093791127204895020e+00
1.851688022725284100e-03
1.174377053976058960e-01
-2.240890869870781898e-03
3.381122369319200516e-03
-9.653546847403049469e-03
-4.410658404231071472e-02
-2.683551013469696045e-01
-5.161086469888687134e-02
5.771062150597572327e-02
1.055833935737609863e+00
3.423251444473862648e-03
4.836800992488861084e-01
6.156839132308959961e-01
2.706723473966121674e-02
-2.667422778904438019e-02
5.612473487854003906e-01
-6.387417088262736797e-04
2.256734296679496765e-04
8.490772843360900879e-01
-2.699943073093891144e-02
6.482629776000976562e-01
2.380913347005844116e-01
1.831123530864715576e-01
-1.601034216582775116e-02
-8.822788913676049560e-06
1.243391743628308177e-04
7.690996994824672583e-07
1.572870463132858276e-02
2.596190461190417409e-05
2.470452189445495605e-01
1.181078795343637466e-02
-1.421426534652709961e+00
5.054511129856109619e-03
-7.225090265274047852e-01
1.062215194106101990e-01
-1.064106822013854980e-03
-1.319585740566253662e-01
-6.584622263908386230e-01
-2.215413376688957214e-03
3.614492889028042555e-04
-6.385226845741271973e-01
-8.921887638280168176e-05
4.662052914500236511e-02
-2.485546320676803589e-01
3.352032303810119629e-01
9.360445737838745117e-01
-2.264709174633026123e-01
-9.494379162788391113e-01
4.343453620094805956e-04
-1.003779411315917969e+00
9.508568644523620605e-01
-9.205140471458435059e-01
4.620342515408992767e-03
-4.929680749773979187e-02
-1.148573681712150574e-01
-1.262396806851029396e-03
2.042467296123504639e-01
3.663599782157689333e-04
1.361449685646221042e-04
2.630794188007712364e-03
3.175458610057830811e-01
-1.859807889559306204e-05
2.083555795252323151e-03
-1.119305472820997238e-02
-3.306273818016052246e-01
7.858788222074508667e-02
-2.565890550613403320e-01
-3.298377096652984619e-01
1.061716079711914062e-01
-9.344482421875000000e-02
-2.491426765918731689e-01
-5.247032269835472107e-03
4.393655108287930489e-04
7.092221081256866455e-02
8.832436203956604004e-01
-3.141877055168151855e-02
3.110683173872530460e-04
1.203917060047388077e-02
3.464281857013702393e-01
5.722615122795104980e-01
4.076220095157623291e-01
9.263399057090282440e-03
-6.485881021944805980e-05
3.098016895819455385e-05
-5.514990771189332008e-04
-1.358877198072150350e-04
-2.344231456518173218e-01
-5.896198004484176636e-02
-3.913866239599883556e-04
-5.676964297890663147e-02
1.408133655786514282e-03
7.768517825752496719e-04
1.741926193237304688e+00
-2.678149193525314331e-02
4.436594899743795395e-03
-5.285200104117393494e-02
-1.182816848158836365e-01
6.240491867065429688e-01
9.427529573440551758e-01
-6.237958073616027832e-01
1.916466280817985535e-02
5.399768240749835968e-03
-9.286633878946304321e-02
-3.815741091966629028e-02
2.090083122253417969e+00
1.283403980778530240e-04
-5.234578251838684082e-01
-6.770619750022888184e-02
1.263523548841476440e-01
-2.247284725308418274e-02
4.705164581537246704e-03
4.362784326076507568e-02
-1.119444966316223145e+00
5.879732966423034668e-01
-2.584502398967742920e-01
2.554461207182612270e-05
-1.344510763883590698e-01
-6.060757115483283997e-02
9.867082553682848811e-06
-7.906483915576245636e-06
-2.176580205559730530e-02
-2.514438144862651825e-02
1.038484498858451843e-01
-6.316992454230785370e-03
-7.257807850837707520e-01
6.559613943099975586e-01
1.051179133355617523e-02
9.313409328460693359e-01
-4.418849647045135498e-01
-5.051558464765548706e-02
1.356672406196594238e+00
-1.923587697092443705e-04
-9.500671625137329102e-01
-1.463671773672103882e-01
6.605021953582763672e-01
6.319308653473854065e-03
-6.326524019241333008e-01
-1.192144036293029785e+00
-1.812778762541711330e-03
1.659894704818725586e+00
1.716083963401615620e-03
-5.453021265566349030e-03
2.249179780483245850e-01
1.182939186692237854e-01
1.420538220554590225e-02
2.815383076667785645e-01
-1.003452234726864845e-05
2.530008205212652683e-04
-2.708937099669128656e-04
1.622283905744552612e-01
4.874511063098907471e-02
1.514566247351467609e-04
-5.992706418037414551e-01
-6.115606985986232758e-03
-1.408758461475372314e-01
5.304265618324279785e-01
-5.782059431076049805e-01
2.595213651657104492e-01
-4.138136506080627441e-01
-3.942027688026428223e-01
-8.826427906751632690e-02
1.076648831367492676e+00
-2.730351116042584181e-04
-1.842744823079556227e-04
-3.114454681053757668e-03
-1.222405195236206055e+00
1.193980919197201729e-03
7.567711174488067627e-03
-1.500266604125499725e-03
-4.820424914360046387e-01
2.832870185375213623e-01
2.457700856029987335e-02
-1.474557648180052638e-04
9.251985549926757812e-01
-3.219056816305965185e-05
-3.643918171292170882e-05
-1.797446459531784058e-01
-3.265299019403755665e-04
-2.885027825832366943e-01
-5.639127921313047409e-03
6.522034406661987305e-01
2.447141334414482117e-02
2.388357222080230713e-01
3.551965928636491299e-04
3.904797194991260767e-04
1.196370794787071645e-04
-7.507475614547729492e-01
-1.805295469239354134e-04
-9.195667505264282227e-02
2.180093526840209961e-02
-1.086800217628479004e+00
2.109998138621449471e-03
7.373712658882141113e-01
-9.861183352768421173e-03
2.239485681056976318e-01
1.780864782631397247e-02
4.520838614553213120e-03
9.067312930710613728e-05
-4.743112325668334961e-01
1.140576481819152832e+00
4.084973335266113281e-01
-2.836210131645202637e-01
-2.212049439549446106e-02
-3.632136576925404370e-05
-6.299532105913385749e-05
2.650981545448303223e-01
1.229384765028953552e-01
5.942804813385009766e-01
8.718144893646240234e-01
-9.757882356643676758e-02
1.677699387073516846e-02
3.569771647453308105e-01
3.244037032127380371e-01
-3.769298791885375977e-01
-2.871226966381072998e-01
3.721973334904760122e-04
7.831796407699584961e-01
-6.265418529510498047e-01
6.284925341606140137e-01
1.060945689678192139e-01
4.035032913088798523e-02
4.057792201638221741e-02
1.629110658541321754e-03
-4.057827293872833252e-01
-1.564305392093956470e-03
-6.753224134445190430e-01
9.886687397956848145e-01
-5.627546925097703934e-04
7.393123954534530640e-02
5.271815657615661621e-01
3.142894804477691650e-02
-1.511282171122729778e-04
-1.792494149412959814e-04
-4.378493875265121460e-02
-1.096994042396545410e+00
3.459809422492980957e-01
-9.568219184875488281e-01
1.806420087814331055e-01
-7.800820749253034592e-04
-4.856605231761932373e-01
-3.834628441836684942e-04
-7.501175999641418457e-02
-1.197167858481407166e-02
-4.031352233141660690e-03
5.043869838118553162e-02
-3.800854831933975220e-02
1.329978108406066895e+00
-1.865955144166946411e-01
3.063684105873107910e-01
5.592966408585198224e-05
4.095811247825622559e-01
9.155934303998947144e-02
9.844921529293060303e-03
-5.694987485185265541e-04
3.642865270376205444e-02
5.560932913795113564e-04
8.827635645866394043e-02
-8.089013281278312206e-04
1.944076120853424072e-01
4.035511910915374756e-01
5.359984636306762695e-01
1.000471692532300949e-02
7.771536111831665039e-01
1.225690841674804688e+00
1.184544089483097196e-04
-3.069761991500854492e-01
-7.029484212398529053e-02
-9.486343711614608765e-02
-3.382524549961090088e-01
1.798774173948913813e-04
3.153933882713317871e-01
1.424237340688705444e-01
8.073069900274276733e-02
1.240522116422653198e-01
5.585923194885253906e-01
-4.065765440464019775e-01
2.480565942823886871e-02
-3.939200541935861111e-04
4.743621320812962949e-05
9.351827204227447510e-03
1.132599353790283203e+00
-5.064923167228698730e-01
-3.203999367542564869e-04
7.288070917129516602e-01
5.256953649222850800e-03
8.396049030125141144e-03
-2.622913010418415070e-02
-4.607373848557472229e-02
-1.501802563667297363e+00
-1.687972457148134708e-03
3.246242702007293701e-01
5.856752023100852966e-02
-1.842352390289306641e+00
6.436802796088159084e-04
-5.596392154693603516e-01
-1.470033228397369385e-01
1.045937897288240492e-04
-4.391767680644989014e-01
2.692346088588237762e-02
3.413969185203313828e-03
-4.375173747539520264e-01
9.256584453396499157e-04
1.403945498168468475e-02
-1.500989794731140137e-01
-1.748277544975280762e+00
5.778145194053649902e-01
1.799046844244003296e-01
6.296093488344922662e-05
-5.172070086700841784e-05
5.314379930496215820e-01
1.329581718891859055e-02
3.313236084068194032e-05
4.681177809834480286e-02
1.678865752182900906e-03
3.645210713148117065e-02
-2.507498264312744141e-01
3.142511248588562012e-01
9.414092346560209990e-05
-3.531546890735626221e-02
-1.574345369590446353e-04
-2.336224913597106934e-02
2.688199520111083984e+00
-7.050294429063796997e-03
1.573893860040698200e-05
4.675237834453582764e-01
1.374244451522827148e+00
-2.576388418674468994e-01
-3.393993712961673737e-03
-8.934162259101867676e-01
8.205296099185943604e-02
7.054638583213090897e-03
