5.100486874580383301e-01
4.835407063364982605e-02
3.480991423130035400e-01
7.141684293746948242e-01
5.051623582839965820e-01
6.433021426200866699e-01
6.400911509990692139e-02
9.061117768287658691e-01
6.124455928802490234e-01
2.461942285299301147e-01
5.993532538414001465e-01
3.289459645748138428e-01
2.995142340660095215e-01
3.950592279434204102e-01
8.295301198959350586e-01
5.764052867889404297e-01
4.563489854335784912e-01
3.778250515460968018e-01
5.235217213630676270e-01
5.098248720169067383e-01
4.092526137828826904e-01
2.305487394332885742e-01
4.201087951660156250e-01
6.025602817535400391e-01
5.663244128227233887e-01
3.360321521759033203e-01
4.660980701446533203e-01
3.240903615951538086e-01
5.094419047236442566e-02
1.759395301342010498e-01
2.415518611669540405e-01
7.690076231956481934e-01
2.960931062698364258e-01
5.295288562774658203e-01
4.131887555122375488e-01
3.727109134197235107e-01
1.963311880826950073e-01
1.156526952981948853e-01
0.000000000000000000e+00
7.329587936401367188e-01
3.261644542217254639e-01
2.196702808141708374e-01
9.580454230308532715e-01
5.481483340263366699e-01
2.706999182701110840e-01
4.090441465377807617e-01
4.551386833190917969e-01
2.701542079448699951e-01
1.763252019882202148e-01
1.970962733030319214e-01
2.374964654445648193e-01
1.183895394206047058e-01
2.026484608650207520e-01
1.462419778108596802e-01
3.488102853298187256e-01
4.250935316085815430e-01
6.566535234451293945e-01
1.917297989130020142e-01
5.053105354309082031e-01
3.775219619274139404e-01
6.681595742702484131e-02
3.437153995037078857e-01
4.874208569526672363e-01
4.196882545948028564e-01
4.601937904953956604e-02
4.962790012359619141e-01
4.628685414791107178e-01
3.703895509243011475e-01
7.515533566474914551e-01
3.718956410884857178e-01
2.468244433403015137e-01
6.603329628705978394e-02
1.612283438444137573e-01
1.667787730693817139e-01
1.508182380348443985e-02
5.054248571395874023e-01
3.818506598472595215e-01
3.953734934329986572e-01
5.056895613670349121e-01
7.823540568351745605e-01
4.003677368164062500e-01
7.256780862808227539e-01
2.826335467398166656e-02
4.657274782657623291e-01
1.829197406768798828e-01
2.874711751937866211e-01
3.897797763347625732e-01
4.456924200057983398e-01
4.945338964462280273e-01
3.821027874946594238e-01
2.088998854160308838e-01
2.045525014400482178e-01
1.207939535379409790e-01
3.796078860759735107e-01
2.068828195333480835e-01
2.631795108318328857e-01
3.106584548950195312e-01
6.007354855537414551e-01
7.076782584190368652e-01
3.280519843101501465e-01
2.649599909782409668e-01
5.337531566619873047e-01
4.771338701248168945e-01
5.003646016120910645e-01
5.560063123703002930e-01
2.355595678091049194e-01
2.472383826971054077e-01
3.976502716541290283e-01
1.846184432506561279e-01
3.452203869819641113e-01
6.052931770682334900e-02
1.612997353076934814e-01
4.746202528476715088e-01
1.445472538471221924e-01
3.638460338115692139e-01
7.081858515739440918e-01
3.862065970897674561e-01
5.577880144119262695e-01
2.103275656700134277e-01
3.729600608348846436e-01
2.794015705585479736e-01
5.769509077072143555e-01
1.499852985143661499e-01
2.338452488183975220e-01
2.078137397766113281e-01
4.124604165554046631e-01
8.482487499713897705e-02
8.044974803924560547e-01
2.338182330131530762e-01
3.180512189865112305e-01
5.654022693634033203e-01
2.599436938762664795e-01
5.040361285209655762e-01
1.535094678401947021e-01
5.650633573532104492e-01
5.223339200019836426e-01
4.797276258468627930e-01
3.439260721206665039e-01
2.332258969545364380e-01
7.980927228927612305e-01
4.144039750099182129e-01
5.268446803092956543e-01
1.241406798362731934e-01
4.982174634933471680e-01
1.363587528467178345e-01
2.215335965156555176e-01
5.803960561752319336e-01
2.374817878007888794e-01
3.855327665805816650e-01
3.169331848621368408e-01
5.026330947875976562e-01
2.304694354534149170e-01
5.011935830116271973e-01
1.530767828226089478e-01
2.748889923095703125e-01
5.298167467117309570e-01
2.285521179437637329e-01
2.376890331506729126e-01
9.976269304752349854e-02
2.056179791688919067e-01
3.084232332184910774e-03
1.595550477504730225e-01
6.220065429806709290e-02
3.225394189357757568e-01
3.955909907817840576e-01
3.725140392780303955e-01
1.652097254991531372e-01
5.581188201904296875e-01
2.949833571910858154e-01
2.027379721403121948e-01
6.600839644670486450e-02
6.602103114128112793e-01
2.006378471851348877e-01
1.708079129457473755e-01
5.484407767653465271e-02
5.180787444114685059e-01
4.981944262981414795e-01
3.288527429103851318e-01
4.656955599784851074e-01
6.762093305587768555e-01
1.765794605016708374e-01
1.781804859638214111e-01
3.603377938270568848e-02
2.806924879550933838e-01
2.403193265199661255e-01
7.273650169372558594e-01
4.293406754732131958e-02
5.681682229042053223e-01
6.276278197765350342e-02
1.547241061925888062e-01
2.802269756793975830e-01
2.757323086261749268e-01
1.597641855478286743e-01
8.662783503532409668e-01
1.657491326332092285e-01
5.386112928390502930e-01
4.489393830299377441e-01
7.247465252876281738e-01
3.604772388935089111e-01
2.656637430191040039e-01
3.533948957920074463e-01
2.221209555864334106e-01
1.167723685503005981e-01
3.526658117771148682e-01
2.418104261159896851e-01
1.905721276998519897e-01
2.414465546607971191e-01
1.984340250492095947e-01
2.566499710083007812e-01
1.115147545933723450e-01
5.344514250755310059e-01
5.432151556015014648e-01
2.872245013713836670e-01
6.081910729408264160e-01
4.907729029655456543e-01
3.407975435256958008e-01
2.925357818603515625e-01
6.552495956420898438e-01
5.017856359481811523e-01
3.023179471492767334e-01
3.531876206398010254e-01
2.873281240463256836e-01
5.258689522743225098e-01
5.291439890861511230e-01
9.655813574790954590e-01
6.815695762634277344e-01
6.190239787101745605e-01
4.508838951587677002e-01
2.812050282955169678e-01
1.394111961126327515e-01
1.782292872667312622e-01
3.258210718631744385e-01
1.163852512836456299e-01
4.906566441059112549e-01
2.291617989540100098e-01
3.321542143821716309e-01
5.170730352401733398e-01
4.429407715797424316e-01
5.858612656593322754e-01
3.012866973876953125e-01
6.503570675849914551e-01
3.416740894317626953e-02
1.142709329724311829e-01
2.862854301929473877e-02
2.324807494878768921e-01
2.503725290298461914e-01
2.569911181926727295e-01
2.818509042263031006e-01
4.884119629859924316e-01
4.212398827075958252e-01
1.371818184852600098e-01
8.166692256927490234e-01
9.749452769756317139e-02
8.444998413324356079e-02
2.538641095161437988e-01
4.584278762340545654e-01
6.103541851043701172e-01
5.823579430580139160e-01
3.455122411251068115e-01
3.827351629734039307e-01
7.385178655385971069e-02
5.356451123952865601e-02
5.349411368370056152e-01
9.152380824089050293e-01
6.301333904266357422e-01
3.430976867675781250e-01
3.457466959953308105e-01
5.062159299850463867e-01
5.837543010711669922e-01
4.335772991180419922e-01
4.880770146846771240e-01
3.169393539428710938e-01
8.397548645734786987e-02
1.641012281179428101e-01
2.691252827644348145e-01
1.674352288246154785e-01
2.978950440883636475e-01
3.650198876857757568e-01
4.588432610034942627e-01
5.398854017257690430e-01
3.119489550590515137e-01
2.057364732027053833e-01
4.659408628940582275e-01
6.866697669029235840e-01
4.340114295482635498e-01
6.633978486061096191e-01
3.370075821876525879e-01
8.135914206504821777e-01
1.744754910469055176e-01
4.094918668270111084e-01
3.189054429531097412e-01
4.907785952091217041e-01
4.290929138660430908e-01
4.285374581813812256e-01
4.401189088821411133e-01
3.168965280055999756e-01
3.098013997077941895e-01
4.922094941139221191e-01
5.213909149169921875e-01
2.930419445037841797e-01
1.029675379395484924e-01
1.815332621335983276e-01
2.177824974060058594e-01
5.171666145324707031e-01
3.664836585521697998e-01
3.937539756298065186e-01
3.455368876457214355e-01
2.852608859539031982e-01
5.584726333618164062e-01
9.396426081657409668e-01
5.872250795364379883e-01
2.148974388837814331e-01
2.538529932498931885e-01
4.617657959461212158e-01
5.441508889198303223e-01
7.459907531738281250e-01
5.106924772262573242e-01
4.701895117759704590e-01
8.203896880149841309e-01
1.000000000000000000e+00
2.974530458450317383e-01
1.311133652925491333e-01
3.628050088882446289e-01
4.554755985736846924e-01
1.414227932691574097e-01
3.374189138412475586e-01
4.607354104518890381e-01
1.018959730863571167e-01
1.022626236081123352e-01
2.317652106285095215e-01
7.756614685058593750e-01
2.914261519908905029e-01
4.081319272518157959e-01
5.970365405082702637e-01
1.569051444530487061e-01
2.020756006240844727e-01
6.316080689430236816e-01
4.537560343742370605e-01
4.589138627052307129e-01
2.894009053707122803e-01
2.111914753913879395e-01
2.141112089157104492e-01
4.181268811225891113e-01
3.810094296932220459e-01
3.997815251350402832e-01
2.053659558296203613e-01
3.055567443370819092e-01
5.304532051086425781e-01
4.908750355243682861e-01
1.231953352689743042e-01
1.828041672706604004e-01
8.470900654792785645e-01
7.375911474227905273e-01
4.558461904525756836e-01
2.035619169473648071e-01
3.913248181343078613e-01
3.149240612983703613e-01
5.138512849807739258e-01
5.601783469319343567e-02
3.636056184768676758e-02
